0 1852 deaths_nd_by_house ID
1 4         15.5167112
1 3         10.2700847
1 2         5.54711901
1 41         18.1772888
2 6         19.9798779
2 5         15.0100788
2 4          10.119796
2 3         4.80577473
2 1         5.54711901
3 6          15.175283
3 5         10.2079176
3 4         5.31997641
3 2         4.80577473
3 1         10.2700847
4 7         15.2160523
4 6         9.86296718
4 5         4.89054503
4 3         5.31997641
4 2          10.119796
4 1         15.5167112
5 8         16.6884978
5 7         10.3414411
5 43         19.1040172
5 42         17.6565193
5 6         4.97463832
5 4         4.89054503
5 3         10.2079176
5 2         15.0100788
6 9         16.8425009
6 8         11.7141287
6 7         5.38158778
6 44         19.0176007
6 43         16.6830668
6 42         16.2535554
6 5         4.97463832
6 4         9.86296718
6 3          15.175283
6 2         19.9798779
7 45         18.0483066
7 81         17.3273973
7 9         11.4848185
7 8         6.37684719
7 44         16.8968491
7 43         16.0779947
7 42         16.9433021
7 6         5.38158778
7 5         10.3414411
7 4         15.2160523
8 20         19.0002461
8 45         15.1433752
8 82         17.3720161
8 81         10.9678323
8 9         5.13375579
8 7         6.37684719
8 44         15.3293896
8 43         16.5625973
8 42         18.7704736
8 6         11.7141287
8 5         16.6884978
9 20         16.7316459
9 45         15.2048015
9 83         17.7905971
9 82         12.2462126
9 81         5.84261699
9 8         5.13375579
9 7         11.4848185
9 44         16.5709249
9 43          19.176485
9 6         16.8425009
10 812         18.1860412
10 813         13.7320505
10 13         16.4734101
10 12         11.6129533
10 11         7.40899076
10 90         7.59374519
10 91          10.080933
10 46         15.3194999
10 48         18.3244589
10 49          19.172482
10 817            17.2873
10 815         13.4456438
10 814          11.981207
11 812         13.5572442
11 811         15.7745267
11 810         19.6804869
11 14         16.6173173
11 813         11.1721161
11 13         9.08104969
11 12         4.20901483
11 10         7.40899076
11 90         14.9834691
11 91          16.492462
11 48         19.6787904
11 49         18.5203302
11 50         19.0468687
11 815         17.7256744
11 814         12.7543309
12 812         12.4718083
12 811         13.1454218
12 810         16.3315662
12 14         12.4091295
12 813         11.9694165
12 13         4.87531809
12 11         4.20901483
12 10         11.6129533
12 90         19.1716369
12 49         19.1938621
12 51         19.4910056
12 50         18.5275863
12 814         15.1134399
13 812         13.1775548
13 811         11.6185139
13 810         13.3109459
13 809         16.9029403
13 14         7.53766303
13 813         14.6539142
13 12         4.87531809
13 11         9.08104969
13 10         16.4734101
13 52         18.3427749
13 51         18.4852825
13 50         18.8474853
13 814         18.8337283
14 812         16.8979097
14 811         12.6988156
14 810         11.1185817
14 809          12.350017
14 807          19.532843
14 808         15.6791355
14 53         17.9822771
14 13         7.53766303
14 12         12.4091295
14 11         16.6173173
14 52         16.9783979
14 51         19.7588618
15 90         15.5861196
15 91         16.6239026
15 46         19.4372274
15 16         5.21223538
15 23          7.9730502
15 24         12.7509525
15 25         16.6340038
15 17         9.75874502
15 18         14.2285141
15 19         18.3403746
15 824          18.332384
15 818         17.3573941
15 819         13.7229304
16 90         16.7440733
16 91         15.9765011
16 46         17.0302294
16 15         5.21223538
16 23         9.19530094
16 24         13.6155215
16 25         17.2232224
16 17         4.55092477
16 18         9.02132804
16 19         13.1299703
16 20         16.8480937
16 819          18.895788
17 90         18.6775125
17 91         16.5071745
17 46         15.7840958
17 47         17.6670046
17 15         9.75874502
17 16         4.55092477
17 23         12.3122131
17 24          16.019579
17 25         19.1710343
17 18         4.47051795
17 19          8.5819654
17 20         12.3378024
17 45         16.7001961
17 44         19.0039404
18 91         18.1986056
18 46         15.8338168
18 47          16.051445
18 15         14.2285141
18 16         9.02132804
18 23         16.0336774
18 24         19.1263583
18 17         4.47051795
18 19         4.11691004
18 20          7.9418534
18 45         13.3459945
18 44         16.1747173
19 46          17.223616
19 47         15.8767277
19 15         18.3403746
19 16         13.1299703
19 23         19.6144606
19 17          8.5819654
19 18         4.11691004
19 20         3.92879148
19 45         10.7275499
19 82           19.31593
19 81          18.987057
19 44         14.0559991
19 43         19.1391375
20 47         17.8073978
20 16         16.8480937
20 17         12.3378024
20 18          7.9418534
20 19         3.92879148
20 45         8.12719055
20 83         19.6560158
20 82         16.5519203
20 81         15.4071572
20 9         16.7316459
20 8         19.0002461
20 44         11.7668707
20 43         17.0053993
21 22         4.88860536
21 69         10.1196833
21 70         16.6295049
21 938         19.9691162
21 937         14.9509042
21 1835         5.57490192
22 21         4.88860536
22 69          5.3210021
22 70         11.7732431
22 71         17.8198067
22 937         19.0594806
22 1835         10.4105637
23 15          7.9730502
23 16         9.19530094
23 24         4.79624805
23 25         8.66919886
23 17         12.3122131
23 18         16.0336774
23 19         19.6144606
23 824          14.327712
23 819         17.3034446
23 823           18.66701
23 27          18.838288
23 26         14.3916521
24 15         12.7509525
24 16         13.6155215
24 23         4.79624805
24 25         3.88513845
24 17          16.019579
24 18         19.1263583
24 825         17.6640158
24 824          13.175132
24 823         18.0747755
24 28         18.5145397
24 27         14.0507693
24 26         9.60997342
25 15         16.6340038
25 16         17.2232224
25 23         8.66919886
25 24         3.88513845
25 17         19.1710343
25 826         17.8859139
25 825         15.8544722
25 824         13.8758545
25 823         18.9138507
25 29         18.7102748
25 28         14.6305418
25 27         10.1692455
25 26         5.72523913
26 23         14.3916521
26 24         9.60997342
26 25         5.72523913
26 827         17.5211307
26 826         15.3448069
26 825         14.6241485
26 824         16.5126636
26 30         18.1582246
26 29         12.9902034
26 28         8.90564816
26 27         4.45071906
27 23          18.838288
27 24         14.0507693
27 25         10.1692455
27 827         15.3901454
27 826         14.3410294
27 825         14.8490765
27 824         19.2714368
27 828         19.6223061
27 31         18.2293363
27 30         13.7080109
27 29         8.54115625
27 28         4.47045928
27 26         4.45071906
28 24         18.5145397
28 25         14.6305418
28 827         14.8901272
28 826         15.1900944
28 825         16.7978722
28 828         17.2831751
28 32          17.990779
28 31         13.7864629
28 30         9.27108659
28 29         4.10381037
28 27         4.47045928
28 26         8.90564816
29 25         18.7102748
29 827         14.8846355
29 826         16.3619273
29 825         18.7764223
29 829         17.3057101
29 592         19.8741488
29 828         15.2695332
29 33          17.034912
29 32         13.9003057
29 31         9.68941096
29 30         5.16992368
29 28         4.10381037
29 27         8.54115625
29 26         12.9902034
30 827         16.6312577
30 826         19.2252929
30 830         17.9014794
30 829         14.6767703
30 592         18.3686188
30 828           14.33847
30 33         11.8660817
30 32         8.73822244
30 31         4.52178611
30 29         5.16992368
30 28         9.27108659
30 27         13.7080109
30 26         18.1582246
31 827         19.3461791
31 830         15.5724615
31 829          13.824021
31 536         18.6775524
31 592          18.386197
31 828          15.197527
31 33         7.34561638
31 32         4.21956004
31 30         4.52178611
31 29         9.68941096
31 28         13.7864629
31 27         18.2293363
32 830         14.5988776
32 829         14.5447373
32 536         16.6916278
32 592          19.589335
32 828         17.2606955
32 37         19.3821282
32 33         3.16100653
32 31         4.21956004
32 30         8.73822244
32 29         13.9003057
32 28          17.990779
32 36         18.4581653
32 35         19.1081262
33 830         14.0234302
33 829         15.2500099
33 536         15.1964705
33 828         18.7844554
33 37          16.916379
33 32         3.16100653
33 31         7.34561638
33 30         11.8660817
33 29          17.034912
33 36         15.5578657
33 34         17.2493108
33 35         15.9618094
34 830         19.0244871
34 536         15.1488771
34 537         18.7444172
34 534          7.0457804
34 533         13.0887544
34 535         17.9485592
34 37         15.4200442
34 33         17.2493108
34 36         10.6197161
34 35         5.27188445
35 536         18.5334083
35 534         12.1576178
35 533         18.2613729
35 37         10.1798561
35 38         16.2623627
35 33         15.9618094
35 32         19.1081262
35 36         5.38024215
35 34         5.27188445
36 534         17.5360997
36 37         4.80211285
36 38         10.8869606
36 39         16.1900454
36 33         15.5578657
36 32         18.4581653
36 34         10.6197161
36 35         5.38024215
37 38         6.08508741
37 39         11.3923888
37 40         17.4882738
37 33          16.916379
37 32         19.3821282
37 36         4.80211285
37 34         15.4200442
37 35         10.1798561
38 41         19.0448864
38 37         6.08508741
38 39         5.33458663
38 40         11.4251067
38 36         10.8869606
38 35         16.2623627
39 41         13.7715471
39 37         11.3923888
39 38         5.33458663
39 40           6.096128
39 36         16.1900454
40 41          7.7483141
40 37         17.4882738
40 38         11.4251067
40 39           6.096128
41 1         18.1772888
41 38         19.0448864
41 39         13.7715471
41 40          7.7483141
42 45         12.8898847
42 8         18.7704736
42 7         16.9433021
42 44         9.20418385
42 43         3.97357087
42 6         16.2535554
42 5         17.6565193
43 19         19.1391375
43 20         17.0053993
43 45         8.92080835
43 9          19.176485
43 8         16.5625973
43 7         16.0779947
43 44         5.24133859
43 42         3.97357087
43 6         16.6830668
43 5         19.1040172
44 17         19.0039404
44 18         16.1747173
44 19         14.0559991
44 20         11.7668707
44 45         3.68974602
44 81         19.2215451
44 9         16.5709249
44 8         15.3293896
44 7         16.8968491
44 43         5.24133859
44 42         9.20418385
44 6         19.0176007
45 17         16.7001961
45 18         13.3459945
45 19         10.7275499
45 20         8.12719055
45 81         16.8385248
45 9         15.2048015
45 8         15.1433752
45 7         18.0483066
45 44         3.68974602
45 43         8.92080835
45 42         12.8898847
46 10         15.3194999
46 90         12.0200442
46 91         6.39580862
46 47         6.26879788
46 48         10.3479458
46 49         14.9624694
46 15         19.4372274
46 16         17.0302294
46 17         15.7840958
46 18         15.8338168
46 19          17.223616
47 85         19.2252086
47 84         18.8113171
47 90          18.288836
47 91         12.6628914
47 46         6.26879788
47 48         9.22215899
47 49         14.3417564
47 50         19.6544406
47 17         17.6670046
47 18          16.051445
47 19         15.8767277
47 20         17.8073978
47 83         18.9310288
48 87         19.8220928
48 86         17.9059194
48 85         19.2384882
48 11         19.6787904
48 10         18.3244589
48 90           19.20362
48 91         14.3765692
48 46         10.3479458
48 47         9.22215899
48 49         5.13299472
48 51         15.6023013
48 50         10.4651459
49 88         19.1555319
49 87         18.3342276
49 86         18.0159718
49 12         19.1938621
49 11         18.5203302
49 10          19.172482
49 91         17.8158975
49 46         14.9624694
49 47         14.3417564
49 52         16.9523282
49 48         5.13299472
49 51         10.4773339
49 50         5.33546597
50 89         19.0338489
50 88         17.3213244
50 53         17.6727516
50 87         17.9808757
50 86         19.3637664
50 13         18.8474853
50 12         18.5275863
50 11         19.0468687
50 47         19.6544406
50 52         11.6410746
50 48         10.4651459
50 49         5.33546597
50 51         5.14361464
51 89         16.5895268
51 88         16.8252372
51 75         18.0333135
51 14         19.7588618
51 53          12.568559
51 87         18.9235204
51 13         18.4852825
51 12         19.4910056
51 52         6.60229993
51 48         15.6023013
51 49         10.4773339
51 50         5.14361464
52 89         17.2721324
52 88         19.9379208
52 75         18.5587471
52 14         16.9783979
52 53         6.06957392
52 13         18.3427749
52 49         16.9523282
52 51         6.60229993
52 50         11.6410746
53 89         18.5408773
53 75         19.5458529
53 54         14.8573177
53 55         19.0618338
53 14         17.9822771
53 52         6.06957392
53 51          12.568559
53 50         17.6727516
54 66         14.4293648
54 67         17.1838294
54 68         19.6473477
54 55         4.23617986
54 56         9.77160749
54 57         14.6280742
54 53         14.8573177
55 66          15.277692
55 67         16.0624087
55 68         17.5822189
55 54         4.23617986
55 56         5.55211388
55 57         10.3999165
55 53         19.0618338
56 66         17.3661254
56 67         15.5851294
56 68          15.561601
56 54         9.77160749
56 55         5.55211388
56 57         5.05951543
56 58         17.6871972
57 67         18.5185258
57 68         17.2477161
57 54         14.6280742
57 55         10.3999165
57 56         5.05951543
57 58         13.2639126
58 805         17.0050228
58 806         15.4726193
58 662         11.3468684
58 56         17.6871972
58 57         13.2639126
58 661         19.0642407
59 948           14.95099
59 947         9.01675124
59 60         5.59099346
59 61         10.7279213
59 62         15.4490757
60 947         14.3827338
60 59         5.59099346
60 61         5.20405555
60 62         9.85863876
60 63         15.6843433
61 947          19.586789
61 59         10.7279213
61 60         5.20405555
61 62         4.88129339
61 63         10.5422487
61 64         15.2911101
62 59         15.4490757
62 60         9.85863876
62 61         4.88129339
62 63         5.90837319
62 64         10.7463307
62 65         16.8331628
63 60         15.6843433
63 61         10.5422487
63 62         5.90837319
63 64         4.84008534
63 65         10.9432604
63 66         16.7272916
63 67         17.5620218
64 61         15.2911101
64 62         10.7463307
64 63         4.84008534
64 65         6.18528407
64 66           12.07912
64 67         14.1256048
64 68         17.4884713
65 62         16.8331628
65 63         10.9432604
65 64         6.18528407
65 66         5.94246397
65 67         9.93140559
65 68         14.2292935
66 63         16.7272916
66 64           12.07912
66 65         5.94246397
66 67         7.52517583
66 68         12.1746918
66 54         14.4293648
66 55          15.277692
66 56         17.3661254
67 63         17.5620218
67 64         14.1256048
67 65         9.93140559
67 66         7.52517583
67 68         4.68069789
67 54         17.1838294
67 55         16.0624087
67 56         15.5851294
67 57         18.5185258
68 806         16.9952752
68 64         17.4884713
68 65         14.2292935
68 66         12.1746918
68 67         4.68069789
68 54         19.6473477
68 55         17.5822189
68 56          15.561601
68 57         17.2477161
69 21         10.1196833
69 22          5.3210021
69 70         6.53241171
69 71         12.6037853
69 72         18.6496718
69 1835         15.6874278
70 21         16.6295049
70 22         11.7732431
70 69         6.53241171
70 71          6.0714398
70 72         12.1351713
70 73         19.0618916
71 22         17.8198067
71 69         12.6037853
71 70          6.0714398
71 72         6.10781853
71 73         12.9920381
71 1834         17.6332725
72 69         18.6496718
72 70         12.1351713
72 71         6.10781853
72 73          7.0001353
72 74         16.4414663
72 80         16.5745328
72 79         18.8496437
72 1834         16.0594396
73 946         17.1892886
73 70         19.0618916
73 71         12.9920381
73 72          7.0001353
73 74         9.79954667
73 80         9.58972444
73 79         12.7840407
73 1834         18.6711885
74 945         17.0117994
74 946         11.6888466
74 72         16.4414663
74 73         9.79954667
74 80         4.86462359
74 79         11.7602496
75 89         1.45194139
75 88         7.48005246
75 78         16.4743767
75 77          11.758651
75 76         5.69009057
75 53         19.5458529
75 87         12.5622994
75 86         18.4788798
75 52         18.5587471
75 51         18.0333135
76 79         19.4247773
76 89         7.03509275
76 88          9.5864653
76 78         10.7938832
76 77         6.08472625
76 75         5.69009057
76 87         13.5255236
76 86         19.1630107
77 79         13.4147146
77 89         13.0601394
77 88         13.8588368
77 78         4.92141883
77 76         6.08472625
77 75          11.758651
77 87         16.2830322
78 80         15.5308172
78 79         8.65717619
78 89         17.8285166
78 88         18.6884286
78 77         4.92141883
78 76         10.7938832
78 75         16.4743767
79 72         18.8496437
79 73         12.7840407
79 74         11.7602496
79 80         6.89690277
79 78         8.65717619
79 77         13.4147146
79 76         19.4247773
80 946         16.5529496
80 72         16.5745328
80 73         9.58972444
80 74         4.86462359
80 79         6.89690277
80 78         15.5308172
81 84         17.7250228
81 19          18.987057
81 20         15.4071572
81 45         16.8385248
81 83         11.9558259
81 82         6.40450424
81 9         5.84261699
81 8         10.9678323
81 7         17.3273973
81 44         19.2215451
82 85         16.9012161
82 84         11.3494597
82 19           19.31593
82 20         16.5519203
82 83         5.56171801
82 81         6.40450424
82 9         12.2462126
82 8         17.3720161
83 86         16.5123311
83 85         11.3415488
83 84         5.79454773
83 47         18.9310288
83 20         19.6560158
83 82         5.56171801
83 81         11.9558259
83 9         17.7905971
84 87         16.6811762
84 86         10.8551545
84 85         5.60873558
84 47         18.8113171
84 83         5.79454773
84 82         11.3494597
84 81         17.7250228
85 88         16.2290561
85 87         11.0738063
85 86         5.26845701
85 84         5.60873558
85 47         19.2252086
85 48         19.2384882
85 83         11.3415488
85 82         16.9012161
86 89         17.9630215
86 88         11.0326904
86 76         19.1630107
86 75         18.4788798
86 87         5.92381975
86 85         5.26845701
86 84         10.8551545
86 48         17.9059194
86 49         18.0159718
86 50         19.3637664
86 83         16.5123311
87 89          12.097715
87 88         5.16102146
87 77         16.2830322
87 76         13.5255236
87 75         12.5622994
87 86         5.92381975
87 85         11.0738063
87 84         16.6811762
87 48         19.8220928
87 49         18.3342276
87 51         18.9235204
87 50         17.9808757
88 89         6.93905796
88 78         18.6884286
88 77         13.8588368
88 76          9.5864653
88 75         7.48005246
88 87         5.16102146
88 86         11.0326904
88 85         16.2290561
88 52         19.9379208
88 49         19.1555319
88 51         16.8252372
88 50         17.3213244
89 88         6.93905796
89 78         17.8285166
89 77         13.0601394
89 76         7.03509275
89 75         1.45194139
89 53         18.5408773
89 87          12.097715
89 86         17.9630215
89 52         17.2721324
89 51         16.5895268
89 50         19.0338489
90 813         19.6051533
90 12         19.1716369
90 11         14.9834691
90 10         7.59374519
90 91         5.63088095
90 46         12.0200442
90 47          18.288836
90 48           19.20362
90 15         15.5861196
90 16         16.7440733
90 17         18.6775125
90 819         18.5213166
90 817         17.4081161
90 815         13.3183443
90 814         15.9914204
91 11          16.492462
91 10          10.080933
91 90         5.63088095
91 46         6.39580862
91 47         12.6628914
91 48         14.3765692
91 49         17.8158975
91 15         16.6239026
91 16         15.9765011
91 17         16.5071745
91 18         18.1986056
91 815         18.9169272
92 94         17.5436239
92 95         12.5371431
92 93         5.76363877
93 96         17.8229768
93 94         11.9384151
93 95         6.92042769
93 92         5.76363877
94 97         14.7822044
94 96         6.12295703
94 95         7.29960148
94 93         11.9384151
94 92         17.5436239
95 96         13.3467232
95 94         7.29960148
95 93         6.92042769
95 92         12.5371431
96 98         15.8451515
96 97         8.66826044
96 94         6.12295703
96 95         13.3467232
96 93         17.8229768
97 99         14.1171402
97 98         7.20846753
97 100         12.3108101
97 96         8.66826044
97 94         14.7822044
98 99         6.91970523
98 100         7.66386542
98 97         7.20846753
98 96         15.8451515
99 98         6.91970523
99 100         7.72879978
99 97         14.1171402
100 99         7.72879978
100 98         7.66386542
100 97         12.3108101
101 102         10.3264677
101 103         12.5526303
102 101         10.3264677
102 103         7.99718859
103 1774         13.3685836
103 101         12.5526303
103 102         7.99718859
104 1774         16.4549466
104 106         14.4872328
104 105         6.76035422
105 104         6.76035422
105 106         7.88954605
106 104         14.4872328
106 105         7.88954605
107 110         18.5278903
107 109         13.4863506
107 108         9.70662458
108 107         9.70662458
108 110         9.21166334
108 109         4.45496297
109 107         13.4863506
109 110         5.04324139
109 108         4.45496297
110 107         18.5278903
110 109         5.04324139
110 108         9.21166334
111 114         15.5572848
111 113         9.26716279
111 112         4.27854643
112 115         18.0932476
112 114         11.7432973
112 113          5.3994639
112 111         4.27854643
113 116         18.9689541
113 115         12.7050955
113 114         6.35254698
113 112          5.3994639
113 111         9.26716279
114 117         19.8166216
114 116         12.6201596
114 115         6.35254855
114 113         6.35254698
114 112         11.7432973
114 111         15.5572848
115 118         19.2516097
115 117          13.478155
115 116         6.27895913
115 114         6.35254855
115 113         12.7050955
115 112         18.0932476
116 118          13.006629
116 117         7.19929042
116 115         6.27895913
116 114         12.6201596
116 113         18.9689541
117 119         13.4356455
117 118         5.92064423
117 116         7.19929042
117 115          13.478155
117 114         19.8166216
118 119         7.65529938
118 117         5.92064423
118 116          13.006629
118 115         19.2516097
119 118         7.65529938
119 117         13.4356455
120 121         14.5521479
121 122          14.508387
121 120         14.5521479
122 124         13.2746764
122 123         6.88689523
122 121          14.508387
123 125         13.7489425
123 124         6.45202025
123 122         6.88689523
124 126         16.5796085
124 125         7.34436669
124 123         6.45202025
124 122         13.2746764
125 127         14.5682836
125 126         9.26401098
125 124         7.34436669
125 123         13.7489425
126 127         5.37163365
126 125         9.26401098
126 124         16.5796085
126 129         19.2551862
126 128         13.0448706
127 126         5.37163365
127 125         14.5682836
127 129         13.9784281
127 128         7.80775526
128 127         7.80775526
128 126         13.0448706
128 130         12.2972188
128 129         6.21350975
129 127         13.9784281
129 126         19.2551862
129 174         18.5731486
129 130         6.08693288
129 128         6.21350975
130 174         12.5289674
130 129         6.08693288
130 128         12.2972188
131 434         19.5619375
131 433         16.8029409
131 432         14.7623284
131 431         9.94107582
131 430          4.9399944
131 135         17.4475072
131 134         12.2403753
131 133         7.25659276
131 132         3.69941199
132 433         18.9205037
132 432         17.5124332
132 431         13.0050062
132 430         8.42747292
132 135         13.7484386
132 134         8.57915564
132 133         3.59962383
132 131         3.69941199
133 431         15.8787538
133 430         11.7470447
133 135            10.2777
133 134         5.42050539
133 132         3.59962383
133 131         7.25659276
134 430         16.9912417
134 136         19.7316959
134 135         5.44144359
134 133         5.42050539
134 132         8.57915564
134 131         12.2403753
135 136         14.4685235
135 134         5.44144359
135 133            10.2777
135 132         13.7484386
135 131         17.4475072
136 139         17.3877024
136 138         11.3700388
136 137         5.65755917
136 135         14.4685235
136 134         19.7316959
137 140         18.0987961
137 139         11.7460576
137 138         5.72094743
137 136         5.65755917
138 409         19.3104346
138 140         12.3803443
138 139         6.02622588
138 137         5.72094743
138 136         11.3700388
139 409         16.1579634
139 140         6.37758294
139 138         6.02622588
139 137         11.7460576
139 136         17.3877024
140 410         19.0632252
140 409         14.1114501
140 139         6.37758294
140 138         12.3803443
140 137         18.0987961
141 406         19.7196716
141 407         14.1530631
141 408         8.46202237
141 142         7.60215478
141 143         13.2450801
141 144         18.7192241
142 407         16.2651293
142 408         11.6879733
142 145         18.1668463
142 141         7.60215478
142 143         5.67831286
142 144         11.1424512
143 407         19.0613346
143 408         15.6673153
143 145         12.4897897
143 141         13.2450801
143 142         5.67831286
143 144         5.47414405
143 146         18.5095339
144 145         7.03279481
144 141         18.7192241
144 142         11.1424512
144 143         5.47414405
144 146          13.051732
144 147         19.2084964
145 142         18.1668463
145 143         12.4897897
145 144         7.03279481
145 146         6.02032653
145 147         12.1757913
145 148         19.2200346
146 145         6.02032653
146 143         18.5095339
146 144          13.051732
146 147         6.15859361
146 148         13.1999255
146 149         18.8952607
147 145         12.1757913
147 144         19.2084964
147 146         6.15859361
147 148         7.04843323
147 149         12.7500473
147 150         17.3113735
148 151         16.3243926
148 145         19.2200346
148 146         13.1999255
148 147         7.04843323
148 149         5.70328074
148 150         10.2630893
149 151         10.6282924
149 146         18.8952607
149 147         12.7500473
149 148         5.70328074
149 150         4.56352596
150 151         6.06502552
150 147         17.3113735
150 148         10.2630893
150 149         4.56352596
151 148         16.3243926
151 149         10.6282924
151 150         6.06502552
152 371         16.0675825
152 372         11.3473355
152 154         15.3236811
152 153         7.46789701
153 370         13.7750571
153 371         10.2101824
153 372         7.95044737
153 155         17.0243571
153 154         7.85580717
153 152         7.46789701
154 368         18.0995088
154 369         13.8533109
154 370         8.68389788
154 371         7.89224697
154 372         10.6864361
154 156          16.924855
154 155         9.17163276
154 153         7.85580717
154 152         15.3236811
155 367         16.0960653
155 368         11.8452984
155 369         10.2067174
155 370         10.1852245
155 371         13.2252047
155 372         18.3125535
155 157         13.1913397
155 156         7.77637519
155 154         9.17163276
155 153         17.0243571
156 366         15.9412933
156 367         10.9398856
156 368         9.83955358
156 369         12.0406841
156 370         15.6773926
156 371         19.7146382
156 158         13.9663281
156 157          5.4414748
156 155         7.77637519
156 154          16.924855
157 366         12.6754711
157 365         18.3238421
157 367         10.3949683
157 368         12.3235095
157 369         16.0939491
157 159         15.5217419
157 158         8.53766117
157 156          5.4414748
157 155         13.1913397
158 366         10.8140808
158 160         13.6036945
158 365         12.1717133
158 358           14.52857
158 364         16.8162523
158 359         19.2484505
158 367         13.9171954
158 368         18.5140964
158 159         7.00700827
158 157         8.53766117
158 156         13.9663281
159 366         14.3576987
159 160         6.59998504
159 365         10.9157145
159 358         8.30054508
159 364         13.6510707
159 359         14.7258701
159 367          19.696365
159 158         7.00700827
159 157         15.5217419
160 366         19.3333287
160 365         13.2414373
160 358         4.68769307
160 364         13.3295948
160 359         12.4356338
160 161         13.9783607
160 162         19.0694233
160 357         19.5112494
160 159         6.59998504
160 158         13.6036945
161 160         13.9783607
161 358         14.1305416
161 359         16.8141039
161 162         5.09237025
161 163         11.5948292
161 357         10.4680373
161 356         15.1089643
161 355         19.8902393
161 164         19.6008388
162 160         19.0694233
162 358         19.0454149
162 161         5.09237025
162 163         6.50332348
162 357          10.519712
162 356         15.4423687
162 354         19.9861554
162 164         14.5093291
162 165         19.6395773
163 161         11.5948292
163 162         6.50332348
163 353         19.8549631
163 357         13.5717313
163 356         17.9460847
163 164         8.00606741
163 165          13.143982
163 166         18.8637441
164 161         19.6008388
164 162         14.5093291
164 163         8.00606741
164 357         19.7947608
164 165         5.16739736
164 166         10.8670696
164 167         17.0959561
165 162         19.6395773
165 163          13.143982
165 164         5.16739736
165 166         5.72600727
165 167         11.9366999
165 168         18.1850103
166 163         18.8637441
166 164         10.8670696
166 165         5.72600727
166 167         6.23920508
166 168         12.4632691
166 169         19.1083612
167 164         17.0959561
167 165         11.9366999
167 166         6.23920508
167 168         6.27621302
167 170         19.2637775
167 169         12.9036574
168 165         18.1850103
168 166         12.4632691
168 167         6.27621302
168 171         19.1612453
168 170         12.9972561
168 169         6.64557716
169 166         19.1083612
169 167         12.9036574
169 168         6.64557716
169 172         19.2047042
169 171         12.5289303
169 170         6.36166011
170 167         19.2637775
170 168         12.9972561
170 172         12.8509806
170 171         6.16727044
170 169         6.36166011
171 168         19.1612453
171 173         15.2756494
171 172         6.70547566
171 170         6.16727044
171 169         12.5289303
172 176         18.3961942
172 173         8.58902825
172 171         6.70547566
172 170         12.8509806
172 169         19.2047042
173 177         17.0697917
173 176         9.80753507
173 172         8.58902825
173 171         15.2756494
174 175         7.86349065
174 130         12.5289674
174 129         18.5731486
175 174         7.86349065
176 179         17.9930033
176 178         13.1914134
176 177         7.28414329
176 173         9.80753507
176 172         18.3961942
177 179         10.7174924
177 178         5.94384865
177 176         7.28414329
177 173         17.0697917
178 179          4.8232116
178 177         5.94384865
178 176         13.1914134
178 180         16.3910707
179 178          4.8232116
179 177         10.7174924
179 176         17.9930033
179 180         11.5948819
180 179         11.5948819
180 178         16.3910707
180 184         15.7154582
181 186         13.4539641
181 185         6.45204063
181 183         3.32827561
181 182         8.33828481
182 186         14.1524156
182 185         9.49127462
182 181         8.33828481
182 183         5.01150536
183 186         13.1933669
183 185         6.72878754
183 181         3.32827561
183 182         5.01150536
184 193         17.1116454
184 192         12.0820521
184 191         7.36131582
184 180         15.7154582
185 187         13.8691412
185 186         7.00704454
185 181         6.45204063
185 183         6.72878754
185 182         9.49127462
186 188         14.5006583
186 187         6.91556924
186 185         7.00704454
186 181         13.4539641
186 183         13.1933669
186 182         14.1524156
187 189         14.8879943
187 188         7.62670246
187 186         6.91556924
187 185         13.8691412
188 190         14.1378366
188 189         7.28077148
188 187         7.62670246
188 186         14.5006583
189 190         6.85944583
189 188         7.28077148
189 187         14.8879943
189 198         16.7741161
190 189         6.85944583
190 188         14.1378366
190 198          9.9149987
190 199          14.500675
191 194          16.608687
191 193         9.75032971
191 192         4.72115652
191 184         7.36131582
192 195         17.4427516
192 194         11.8877308
192 193         5.03054786
192 191         4.72115652
192 184         12.0820521
193 196         18.8752496
193 195         12.4237189
193 194         6.85943124
193 192         5.03054786
193 191         9.75032971
193 184         17.1116454
194 306         19.8906945
194 197          19.355587
194 196         12.0267771
194 195         5.57704627
194 193         6.85943124
194 192         11.8877308
194 191          16.608687
195 306         15.6805878
195 197         13.7841212
195 196         6.45186212
195 194         5.57704627
195 193         12.4237189
195 192         17.4427516
196 305         18.6894556
196 306         12.0302548
196 197         7.33367319
196 195         6.45186212
196 194         12.0267771
196 193         18.8752496
197 305         17.1174852
197 306          11.233753
197 196         7.33367319
197 195         13.7841212
197 194          19.355587
197 201         19.7952774
197 200         13.6322883
198 190          9.9149987
198 189         16.7741161
198 199         4.63151877
198 203         16.4528018
199 190          14.500675
199 198         4.63151877
199 203          11.887774
199 204         17.6624617
200 197         13.6322883
200 299         19.1325838
200 298         14.3598033
200 210         18.9757272
200 202         13.9744335
200 201         6.24370903
201 197         19.7952774
201 299         17.6434353
201 298         13.2394933
201 211         17.7187861
201 210         12.7469224
201 202         7.73230394
201 200         6.24370903
202 299         18.9676981
202 298         15.8504967
202 296         18.7349816
202 295         18.8756067
202 212         15.9220825
202 211         9.98649272
202 210         5.04329689
202 201         7.73230394
202 200         13.9744335
203 198         16.4528018
203 199          11.887774
203 204         5.77853623
203 205         12.1718305
203 206         17.4047904
204 199         17.6624617
204 203         5.77853623
204 205          6.4067526
204 206         11.6507729
204 207         19.0696269
205 203         12.1718305
205 204          6.4067526
205 206         5.53907829
205 207         12.6915705
205 208          17.270648
206 203         17.4047904
206 204         11.6507729
206 205         5.53907829
206 207          7.6660251
206 208         12.0268173
207 204         19.0696269
207 205         12.6915705
207 206          7.6660251
207 208         4.66132265
207 209         13.6737484
207 220         19.8239635
208 205          17.270648
208 206         12.0268173
208 207         4.66132265
208 209         9.12054589
208 220         15.8624375
209 207         13.6737484
209 208         9.12054589
209 220         8.02062623
210 298         19.5595013
210 295         18.7950932
210 294          19.804673
210 213         15.7185779
210 212         10.8870627
210 211         5.04093692
210 202         5.04329689
210 201         12.7469224
210 200         18.9757272
211 295         18.6663388
211 294         18.2546512
211 214         16.6839465
211 213         10.8141376
211 212         6.04767076
211 210         5.04093692
211 202         9.98649272
211 201         17.7187861
212 215         15.9129718
212 214         10.6748538
212 213         4.83643129
212 211         6.04767076
212 210         10.8870627
212 202         15.9220825
213 293         19.8859263
213 216         16.7038569
213 215         11.0814828
213 214         5.87170268
213 212         4.83643129
213 211         10.8141376
213 210         15.7185779
214 217         17.6980196
214 216         10.9423596
214 215         5.27719115
214 213         5.87170268
214 212         10.6748538
214 211         16.6839465
215 218         17.1888948
215 217         12.4208494
215 216         5.66720482
215 214         5.27719115
215 213         11.0814828
215 212         15.9129718
216 291         18.7350579
216 218         11.5385154
216 217         6.76281748
216 215         5.66720482
216 214         10.9423596
216 213         16.7038569
217 291         19.8893355
217 290         19.5424296
217 289         19.0244328
217 218         4.77804954
217 216         6.76281748
