0 3085 natregimes POLY_ID
1 65        0.605367598
1 55        0.561744991
1 41         1.57364957
1 31        0.653069043
1 23         1.20728786
2 70         1.22959051
2 63        0.509406566
2 56         0.52639754
2 3         2.25487545
2 4        0.666613011
2 5        0.645376953
3 70         1.00735681
3 63         1.23946668
3 66        0.536158642
3 29        0.630311891
3 2         2.25487545
3 5         2.80370813
3 6        0.486723809
4 56         1.51094259
4 2        0.666613011
4 69        0.529174507
4 43        0.812276419
5 63         1.17595367
5 66        0.929127744
5 29         1.95403784
5 3         2.80370813
5 2        0.645376953
5 6         1.42881682
5 101        0.470773524
6 66        0.798171786
6 29         4.17649747
6 3        0.486723809
6 5         1.42881682
6 7        0.847975296
7 50         1.19874885
7 8         0.52800055
7 29        0.675551089
7 6        0.847975296
7 96        0.471920876
7 62        0.601508637
8 64         2.35588678
8 50        0.643875941
8 7         0.52800055
8 9        0.779522605
8 87        0.624570255
9 60        0.758348934
9 44         1.22771456
9 8        0.779522605
9 10         0.59124215
10 60         1.02762594
10 44         2.11438864
10 9         0.59124215
10 11          2.1843117
10 82        0.517676602
11 60        0.497142031
11 44        0.638147536
11 10          2.1843117
11 12           1.187211
11 82        0.599266551
11 47          1.2362919
12 11           1.187211
12 47         1.50406537
12 24        0.734201855
13 59         1.14684266
13 36         2.23112527
13 33        0.840933981
13 27        0.915660868
13 14        0.954552623
14 57        0.860105756
14 37        0.601856891
14 33         4.54079949
14 13        0.954552623
14 15         1.05566633
15 78        0.484709934
15 57        0.530596551
15 37         2.67906426
15 33        0.883794833
15 30        0.783881877
15 16         1.35501304
15 14         1.05566633
16 92        0.494475414
16 76         0.74437388
16 37         1.33123685
16 30         3.83941676
16 34        0.782761431
16 15         1.35501304
16 17         1.46308786
17 76        0.614126078
17 30         1.22275655
17 34          2.8862806
17 42        0.970427785
17 74        0.584209561
17 18         1.01902483
17 16         1.46308786
18 34         1.09520434
18 42          3.4783292
18 39         0.66319625
18 75        0.702372162
18 74        0.595994042
18 77        0.504264576
18 46         1.40364545
18 20        0.521609791
18 19         2.73432085
18 17         1.01902483
19 34        0.467567719
19 42         1.38274844
19 39         2.23668859
19 91        0.610717698
19 75         0.72659089
19 77        0.953350857
19 52        0.590103502
19 46         2.53986571
19 20         1.60066815
19 18         2.73432085
20 39         3.08582095
20 40          1.4077061
20 83        0.563914148
20 91        0.523844802
20 77        0.765117946
20 53        0.575781603
20 52         1.25704658
20 46        0.756834258
20 21         1.19663599
20 19         1.60066815
20 18        0.521609791
21 39        0.611315147
21 40         5.31669859
21 38        0.636169017
21 85         0.53604323
21 84        0.572465108
21 53         1.38445419
21 52        0.884639922
21 22         1.71323347
21 20         1.19663599
22 40        0.958417777
22 38         2.84515421
22 85        0.531066498
22 54        0.870226638
22 53        0.849460728
22 68        0.779874366
22 55        0.941742626
22 23         1.06437258
22 21         1.71323347
23 95        0.475630031
23 38         2.09877082
23 65        0.616515124
23 54         0.74122461
23 68         1.11317068
23 55         1.80208612
23 41        0.710539048
23 22         1.06437258
23 1         1.20728786
24 12        0.734201855
24 79        0.698900185
24 25        0.891326591
25 88        0.703337396
25 67        0.553909233
25 24        0.891326591
25 26        0.638831077
26 67         0.77413805
26 61        0.785098826
26 25        0.638831077
26 27        0.696778032
27 59        0.509335778
27 61        0.731459287
27 36         1.93776732
27 26        0.696778032
27 13        0.915660868
28 43         0.47570005
28 81         0.56018775
28 48         1.64167327
28 32         8.13973283
28 49        0.851050247
29 63        0.910053258
29 66         2.50610845
29 3        0.630311891
29 5         1.95403784
29 7        0.675551089
29 6         4.17649747
29 101        0.852363451
29 62        0.711511893
30 92         1.08133703
30 78        0.521021308
30 76         2.36455322
30 109        0.790331734
30 37         1.50254858
30 34          1.2277209
30 74         0.54364332
30 16         3.83941676
30 15        0.783881877
30 17         1.22275655
31 97        0.505391382
31 73         1.77076307
31 35        0.468498588
31 41        0.709279762
31 1        0.653069043
32 28         8.13973283
32 43        0.629162896
32 81         1.02925472
32 48         5.38561086
32 72        0.596493625
32 49         1.25070613
33 103         0.47080922
33 104        0.567309054
33 78        0.583661026
33 57         2.67951931
33 59        0.672241765
33 37        0.774987915
33 13        0.840933981
33 14         4.54079949
33 15        0.883794833
34 76         1.16353292
34 107        0.620016251
34 109        0.573703021
34 30          1.2277209
34 42         2.28481373
34 75        0.733767991
34 74         1.92624464
34 46        0.613297651
34 19        0.467567719
34 18         1.09520434
34 16        0.782761431
34 17          2.8862806
35 73         0.73546506
35 51        0.955156513
35 31        0.468498588
35 136        0.591680254
35 134        0.932005103
35 121        0.528189494
36 80        0.927467204
36 59         2.13686513
36 61        0.969317059
36 27         1.93776732
36 13         2.23112527
37 122        0.492842062
37 92        0.934430067
37 78         1.27885101
37 76        0.704292604
37 57        0.767189507
37 33        0.774987915
37 30         1.50254858
37 16         1.33123685
37 14        0.601856891
37 15         2.67906426
38 95        0.732803569
38 40         0.54167611
38 94        0.934463416
38 85        0.687913253
38 65        0.637706721
38 54         2.92378131
38 53        0.723614078
38 68         3.28601353
38 55         5.21370973
38 23         2.09877082
38 22         2.84515421
38 21        0.636169017
39 105        0.583380241
39 42        0.638013044
39 40        0.982399931
39 84        0.605625063
39 83         1.12555206
39 91         1.46571118
39 75        0.743971156
39 77         2.99656668
39 53        0.577002457
39 52         2.48230866
39 46         2.18677272
39 21        0.611315147
39 20         3.08582095
39 19         2.23668859
39 18         0.66319625
40 39        0.982399931
40 38         0.54167611
40 85        0.873169073
40 84         1.20224283
40 83        0.910408694
40 54        0.476085941
40 77        0.546959984
40 53         3.68649479
40 52         2.36573353
40 22        0.958417777
40 21         5.31669859
40 20          1.4077061
41 97        0.699597426
41 115        0.614665389
41 100         1.33294252
41 95        0.844591659
41 73        0.519520102
41 65         2.83034976
41 68        0.737550549
41 55        0.825779535
41 31        0.709279762
41 23        0.710539048
41 1         1.57364957
41 129        0.516605627
42 106        0.606602392
42 107        0.536060931
42 34         2.28481373
42 39        0.638013044
42 91        0.551151379
42 75         1.87994284
42 74         1.68839605
42 77        0.701845807
42 46         2.51420625
42 19         1.38274844
42 18          3.4783292
42 17        0.970427785
43 56          1.1357472
43 4        0.812276419
43 69        0.558491408
43 28         0.47570005
43 90         1.79067121
43 120        0.499126998
43 81        0.653669872
43 48         0.83192307
43 32        0.629162896
44 60         6.62190454
44 9         1.22771456
44 11        0.638147536
44 10         2.11438864
44 71        0.805482197
44 82        0.618420282
45 72        0.574573848
45 49        0.524146202
45 86         1.01463626
45 58         5.15287965
45 93          1.2045669
46 105        0.736722494
46 106          0.7340732
46 34        0.613297651
46 42         2.51420625
46 39         2.18677272
46 83        0.604823113
46 91         1.63651542
46 75         3.14881054
46 74        0.833883923
46 77         2.94627042
46 52          0.7081263
46 20        0.756834258
46 19         2.53986571
46 18         1.40364545
47 11          1.2362919
47 12         1.50406537
47 79        0.539443812
47 82        0.864804774
47 119        0.539255865
47 99          1.3832091
48 28         1.64167327
48 43         0.83192307
48 90         0.53040091
48 108        0.827660101
48 81         3.17760086
48 32         5.38561086
48 72        0.859169807
48 49         1.34110237
49 28        0.851050247
49 108         0.66728526
49 81         0.98606909
49 48         1.34110237
49 32         1.25070613
49 117        0.615107571
49 72         3.23756914
49 86        0.942469044
49 58        0.778708159
49 45        0.524146202
50 64        0.924487232
50 8        0.643875941
50 7         1.19874885
50 96         3.39354769
50 62         1.47521549
50 125        0.783977976
50 87        0.537427993
51 35        0.955156513
51 2892         1.11285191
51 136        0.602862519
51 124         0.77937627
52 113        0.536030296
52 112         1.01264291
52 105        0.676544837
52 39         2.48230866
52 40         2.36573353
52 85         0.78377486
52 84         2.31469095
52 83         4.62088116
52 91         1.43535679
52 77         1.81526475
52 53         1.83582464
52 46          0.7081263
52 21        0.884639922
52 20         1.25704658
52 19        0.590103502
53 116        0.501400888
53 113        0.982301006
53 112        0.737047012
53 39        0.577002457
53 40         3.68649479
53 38        0.723614078
53 94        0.741929231
53 85         3.31304549
53 84         3.44527165
53 83          1.2022822
53 54        0.881785764
53 52         1.83582464
53 68        0.543498274
53 55        0.491878458
53 22        0.849460728
53 21         1.38445419
53 20        0.575781603
54 116         1.27001867
54 115        0.814174516
54 113        0.701633487
54 95         1.83519924
54 40        0.476085941
54 38         2.92378131
54 94         4.93461625
54 85         1.46258135
54 84        0.537143072
54 65        0.930236751
54 53        0.881785764
54 68         9.95998518
54 55         4.59323694
54 23         0.74122461
54 22        0.870226638
54 155        0.495588863
55 116        0.630668341
55 115         0.70995366
55 95         1.67856634
55 38         5.21370973
55 94         1.38341175
55 85        0.608756046
55 65         1.50389702
55 54         4.59323694
55 53        0.491878458
55 68         24.2913711
55 41        0.825779535
55 23         1.80208612
55 22        0.941742626
55 1        0.561744991
56 70         0.61271084
56 2         0.52639754
56 4         1.51094259
56 69          2.9579299
56 139        0.483340323
56 110        0.545616929
56 43          1.1357472
56 90        0.731811543
57 122        0.702599081
57 102         0.75838625
57 103         1.17911867
57 104         1.93705013
57 78         1.33351334
57 59        0.735862893
57 37        0.767189507
57 33         2.67951931
57 14        0.860105756
57 15        0.530596551
57 151        0.592610373
58 172        0.468738955
58 117         0.76127531
58 72         1.14407222
58 49        0.778708159
58 86         3.27899565
58 131         0.70197333
58 93         2.63346207
58 45         5.15287965
59 114        0.655333957
59 102         1.29454065
59 103        0.806334347
59 104        0.501914061
59 80         2.57593039
59 57        0.735862893
59 61        0.643548552
59 36         2.13686513
59 33        0.672241765
59 27        0.509335778
59 13         1.14684266
59 144        0.467101111
60 44         6.62190454
60 9        0.758348934
60 11        0.497142031
60 10         1.02762594
60 71         1.88082893
60 82        0.924884305
60 89        0.698138136
61 67        0.636122833
61 114         1.25919542
61 80         1.04613474
61 59        0.643548552
61 36        0.969317059
61 26        0.785098826
61 27        0.731459287
61 126        0.503254879
62 156        0.556902604
62 165        0.659522782
62 50         1.47521549
62 66         1.31736488
62 29        0.711511893
62 7        0.601508637
62 96         1.19817293
62 101         1.64955347
62 125          1.9450305
62 118         1.04317391
63 143        0.695620802
63 166        0.481186016
63 157        0.498493005
63 156        0.470565675
63 70         0.97012817
63 66         2.00604359
63 29        0.910053258
63 3         1.23946668
63 2        0.509406566
63 5         1.17595367
63 101         1.38690048
63 118        0.879146659
63 111         1.86873016
63 110        0.571794442
64 50        0.924487232
64 8         2.35588678
64 96        0.936269915
64 89        0.514505178
64 87         2.51050559
64 128         0.50798717
65 116        0.587934155
65 97        0.661614198
65 115         1.99320111
65 100         2.29319985
65 95         4.01232455
65 38        0.637706721
65 94        0.819101525
65 54        0.930236751
65 68         1.66412037
65 55         1.50389702
65 41         2.83034976
65 23        0.616515124
65 1        0.605367598
65 142        0.675593035
65 129        0.865512768
66 156        0.544933234
66 165        0.466451887
66 63         2.00604359
66 29         2.50610845
66 3        0.536158642
66 5        0.929127744
66 6        0.798171786
66 101         4.73712908
66 62         1.31736488
66 125        0.477290035
66 118         1.34813146
66 111        0.785904584
67 88        0.628907188
67 61        0.636122833
67 25        0.553909233
67 26         0.77413805
67 164        0.827567257
67 127        0.856357868
68 116         0.89564674
68 115        0.944365539
68 100         0.50515997
68 95         2.63064917
68 38         3.28601353
68 94         2.34697017
68 85          0.7653432
68 65         1.66412037
68 54         9.95998518
68 53        0.543498274
68 55         24.2913711
68 41        0.737550549
68 23         1.11317068
68 22        0.779874366
69 140         1.06238563
69 158         0.52555173
69 70        0.831007217
69 56          2.9579299
69 4        0.529174507
69 139         1.32074563
69 110         1.18933618
69 43        0.558491408
69 90        0.660532078
70 143        0.483972239
70 158        0.551963051
70 157        0.527368083
70 63         0.97012817
70 56         0.61271084
70 3         1.00735681
70 2         1.22959051
70 69        0.831007217
70 139        0.762234039
70 111        0.794887822
70 110         2.69227812
71 180        0.632769045
71 162        0.957395335
71 60         1.88082893
71 44        0.805482197
71 82        0.890416387
71 89          2.7210244
71 185        0.642311639
71 133        0.701133262
71 128        0.622094495
72 108         1.41828754
72 81         1.23424068
72 48        0.859169807
72 32        0.596493625
72 117         1.93157933
72 171        0.493395577
72 49         3.23756914
72 132        0.861866203
72 86         2.92548302
72 58         1.14407222
72 93        0.716019725
72 45        0.574573848
73 97         1.25451752
73 100        0.551591935
73 35         0.73546506
73 41        0.519520102
73 31         1.77076307
73 134        0.567099904
73 121         1.15358323
73 130        0.798278387
74 76         1.05302392
74 123         0.61793517
74 106         1.48932959
74 107         2.67232723
74 109        0.839794988
74 30         0.54364332
74 34         1.92624464
74 42         1.68839605
74 75         2.14211458
74 77         0.47654907
74 46        0.833883923
74 18        0.595994042
74 17        0.584209561
74 149        0.594493608
74 148        0.498865445
75 105         1.15456314
75 106         2.58505735
75 107        0.974611924
75 34        0.733767991
75 42         1.87994284
75 39        0.743971156
75 83        0.488721186
75 91         1.60368962
75 74         2.14211458
75 77         1.68954341
75 46         3.14881054
75 19         0.72659089
75 18        0.702372162
75 149        0.490398769
75 148        0.759731706
76 92         2.80738396
76 78        0.568634576
76 123         1.25254979
76 107        0.888474472
76 109         4.09575498
76 37        0.704292604
76 30         2.36455322
76 34         1.16353292
76 74         1.05302392
76 16         0.74437388
76 17        0.614126078
76 141        0.597364177
77 112        0.764047372
77 105         1.81916544
77 106        0.757585596
77 42        0.701845807
77 39         2.99656668
77 40        0.546959984
77 84        0.685352737
77 83          1.9544315
77 91         14.5082771
77 75         1.68954341
77 74         0.47654907
77 52         1.81526475
77 46         2.94627042
77 20        0.765117946
77 19        0.953350857
77 18        0.504264576
77 150        0.577531502
77 148        0.520791397
78 122         3.29783652
78 103        0.597239926
78 104         1.46763882
78 92         1.60458122
78 76        0.568634576
78 57         1.33351334
78 109        0.583136408
78 37         1.27885101
78 33        0.583661026
78 30        0.521021308
78 15        0.484709934
78 179        0.619139809
78 141        0.509046782
78 152         1.12579223
78 151        0.652525294
79 88          1.0354438
79 99        0.878389111
79 47        0.539443812
79 24        0.698900185
79 135         1.27268801
79 138        0.966623771
79 137        0.785710918
80 114         2.55264263
80 102          1.9408958
80 103        0.819007368
80 59         2.57593039
80 61         1.04613474
80 36        0.927467204
80 126        0.677659318
80 144        0.907612467
81 28         0.56018775
81 43        0.653669872
81 90        0.725752025
81 108         3.19579204
81 48         3.17760086
81 32         1.02925472
81 117         0.70774085
81 72         1.23424068
81 49         0.98606909
81 132        0.830727272
81 86        0.491783861
82 162          0.5227873
82 60        0.924884305
82 44        0.618420282
82 11        0.599266551
82 10        0.517676602
82 71        0.890416387
82 119         1.39611138
82 99        0.807008896
82 47        0.864804774
82 133          1.0205675
83 113        0.794923901
83 112         3.30866172
83 105         1.33448769
83 39         1.12555206
83 40        0.910408694
83 85        0.862517578
83 84         3.80104163
83 91         2.39707564
83 75        0.488721186
83 77          1.9544315
83 53          1.2022822
83 52         4.62088116
83 46        0.604823113
83 20        0.563914148
83 176        0.526713791
83 153        0.742575691
83 150        0.910843764
84 116         0.53971093
84 113         1.98972244
84 112         2.54794911
84 105        0.571294996
84 39        0.605625063
84 40         1.20224283
84 94        0.613791621
84 85         3.14555656
84 83         3.80104163
84 91        0.744696059
84 54        0.537143072
84 77        0.685352737
84 53         3.44527165
84 52         2.31469095
84 21        0.572465108
84 177        0.543816378
84 154        0.491460708
84 153        0.988766183
84 150        0.600265572
85 116         1.29274087
85 113          3.5763269
85 112          0.9098483
85 95          0.5429711
85 40        0.873169073
85 38        0.687913253
85 94         1.94201842
85 84         3.14555656
85 83        0.862517578
85 54         1.46258135
85 53         3.31304549
85 52         0.78377486
85 68          0.7653432
85 55        0.608756046
85 22        0.531066498
85 21         0.53604323
85 177        0.488640403
85 154        0.680649425
85 155        0.588293591
85 153        0.799694495
86 172        0.846603443
86 108        0.726942694
86 81        0.491783861
86 117         2.82165586
86 171        0.602323638
86 72         2.92548302
86 49        0.942469044
86 132        0.777142479
86 184        0.491281727
86 58         3.27899565
86 182        0.474851526
86 131         1.12158169
86 93         2.79503309
86 45         1.01463626
87 146         1.05124891
87 180         0.58925889
87 64         2.51050559
87 50        0.537427993
87 8        0.624570255
87 96        0.860584527
87 89         0.99528812
87 128         1.56630455
88 163        0.717521291
88 67        0.628907188
88 79          1.0354438
88 25        0.703337396
88 164        0.562484146
88 135        0.716325173
88 137         2.45393376
89 146        0.499562584
89 180          1.5199209
89 162        0.814545807
89 64        0.514505178
89 60        0.698138136
89 71          2.7210244
89 87         0.99528812
89 185        0.993563276
89 128         2.19005779
90 140        0.466088565
90 56        0.731811543
90 69        0.660532078
90 195        0.635366095
90 43         1.79067121
90 120         2.23997777
90 108        0.498450475
90 81        0.725752025
90 48         0.53040091
91 112         1.07146048
91 105         4.27735856
91 106        0.964204115
91 42        0.551151379
91 39         1.46571118
91 84        0.744696059
91 83         2.39707564
91 75         1.60368962
91 77         14.5082771
91 52         1.43535679
91 46         1.63651542
91 20        0.523844802
91 19        0.610717698
91 175        0.470808183
91 176        0.508416683
91 150        0.889824493
91 148        0.739846356
92 122         1.08612931
92 78         1.60458122
92 76         2.80738396
92 123         1.53547836
92 107        0.506357105
92 109         3.50102085
92 37        0.934430067
92 30         1.08133703
92 16        0.494475414
92 179        0.511724575
92 167        0.485948608
92 141         1.06353154
92 152        0.859805183
93 172         1.17664513
93 117         1.05120115
93 171        0.471544746
93 72        0.716019725
93 184        0.517417356
93 86         2.79503309
93 58         2.63346207
93 182        0.721788957
93 131         2.78422306
93 45          1.2045669
94 116         5.22409554
94 115         1.30729903
94 113         1.28099572
94 95         2.40368442
94 38        0.934463416
94 85         1.94201842
94 84        0.613791621
94 65        0.819101525
94 54         4.93461625
94 53        0.741929231
94 68         2.34697017
94 55         1.38341175
94 192        0.466029625
94 142        0.710877214
94 154        0.729590415
94 155         1.05728722
95 116          1.5423022
95 115         5.80060472
95 100         1.17724093
95 38        0.732803569
95 94         2.40368442
95 85          0.5429711
95 65         4.01232455
95 54         1.83519924
95 68         2.63064917
95 55         1.67856634
95 41        0.844591659
95 23        0.475630031
95 193        0.482274096
95 192        0.504177275
95 142         1.16774405
95 129        0.796262419
95 155        0.729144834
96 145        0.520340274
96 146        0.522331966
96 64        0.936269915
96 50         3.39354769
96 7        0.471920876
96 62         1.19817293
96 125         1.52306891
96 87        0.860584527
97 115        0.548142018
97 100         2.66426165
97 73         1.25451752
97 65        0.661614198
97 41        0.699597426
97 31        0.505391382
97 216         0.49225722
97 213        0.597171493
97 173        0.910575262
97 174         1.13152191
97 189        0.481384191
97 181         0.66093517
97 121         1.05226085
97 130         3.50209194
97 129         1.81157837
98 169        0.635364612
98 161        0.875680577
99 79        0.878389111
99 82        0.807008896
99 119         1.68300443
99 47          1.3832091
99 133        0.493505847
99 183        0.616042242
99 135        0.612506146
99 138         1.96002623
100 97         2.66426165
100 115         1.64694809
100 95         1.17724093
100 73        0.551591935
100 65         2.29319985
100 68         0.50515997
100 41         1.33294252
100 173        0.926036157
100 174        0.612454572
100 193        0.598179089
100 130        0.896954282
100 142        0.891515482
100 129         3.58705316
101 143        0.713732716
101 166        0.746941674
101 156         1.23246524
101 165        0.983696796
101 63         1.38690048
101 66         4.73712908
101 29        0.852363451
101 5        0.470773524
101 62         1.64955347
101 125        0.767311671
101 118         6.03932689
101 111         1.18510346
102 114        0.773828187
102 103         6.16634788
102 104         1.31504777
102 80          1.9408958
102 57         0.75838625
102 59         1.29454065
102 178        0.788249203
102 144         2.30518281
102 151         1.11270816
103 122        0.697856926
103 102         6.16634788
103 104         4.39912306
103 80        0.819007368
103 78        0.597239926
103 57         1.17911867
103 59        0.806334347
103 33         0.47080922
103 202        0.506907292
103 178         1.26069428
103 144         1.44178561
103 151         2.54074254
104 122         1.76462051
104 102         1.31504777
104 103         4.39912306
104 78         1.46763882
104 57         1.93705013
104 59        0.501914061
104 33        0.567309054
104 202        0.473431308
104 178         1.16300243
104 179         0.62791751
104 144        0.639749333
104 152        0.841871688
104 151         2.92152116
105 112         1.26569205
105 106         1.47344587
105 39        0.583380241
105 84        0.571294996
105 83         1.33448769
105 91         4.27735856
105 75         1.15456314
105 77         1.81916544
105 52        0.676544837
105 46        0.736722494
105 203        0.648374295
105 175         1.01317537
105 176         1.03346067
105 149        0.471324385
105 153        0.507818857
105 150         2.21257458
105 148         1.84928339
106 105         1.47344587
106 107         2.12882009
106 42        0.606602392
106 91        0.964204115
106 75         2.58505735
106 74         1.48932959
106 77        0.757585596
106 46          0.7340732
106 203        0.560621652
106 201        0.653038757
106 175         1.14424405
106 149         1.44421655
106 150        0.548777801
106 148         2.72963889
107 92        0.506357105
107 76        0.888474472
107 123         1.36467839
107 106         2.12882009
107 109         1.29725638
107 34        0.620016251
107 42        0.536060931
107 75        0.974611924
107 74         2.67232723
107 205        0.466690417
107 201        0.616110906
107 167        0.923069785
107 175        0.552748384
107 149         1.87396883
107 141        0.567316499
107 148        0.798367138
108 170         0.97299513
108 90        0.498450475
108 120        0.465949146
108 81         3.19579204
108 48        0.827660101
108 117            1.80143
108 171        0.967373505
108 72         1.41828754
108 194        0.591376516
108 49         0.66728526
108 132         3.45515432
108 86        0.726942694
109 122         0.54512793
109 92         3.50102085
109 78        0.583136408
109 76         4.09575498
109 123         6.18171663
109 107         1.29725638
109 30        0.790331734
109 34        0.573703021
109 74        0.839794988
109 205          0.4991652
109 167        0.911782872
109 149        0.527069139
109 141         1.49133153
109 152        0.574872083
110 198        0.507269288
110 143         0.75016817
110 140        0.686447189
110 158          1.7434885
110 157         1.10971197
110 70         2.69227812
110 63        0.571794442
110 56        0.545616929
110 69         1.18933618
110 139         3.19110591
110 111        0.919972731
111 199        0.538784797
111 143         4.54270812
111 158        0.736597476
111 166         1.66964746
111 157          1.9611711
111 156         1.07255719
111 165        0.604313497
111 70        0.794887822
111 63         1.86873016
111 66        0.785904584
111 101         1.18510346
111 139        0.494136679
111 118          1.5032321
111 110        0.919972731
112 113          1.4716011
112 105         1.26569205
112 85          0.9098483
112 84         2.54794911
112 83         3.30866172
112 91         1.07146048
112 77        0.764047372
112 53        0.737047012
112 52         1.01264291
112 206        0.528863915
112 208        0.618779032
112 176          1.1447073
112 177         1.13163007
112 154        0.581338873
112 153         2.48524527
112 150         2.22850284
113 116         1.72895018
113 112          1.4716011
113 94         1.28099572
113 85          3.5763269
113 84         1.98972244
113 83        0.794923901
113 54        0.701633487
113 53        0.982301006
113 52        0.536030296
113 209        0.560639956
113 197        0.510930897
113 208        0.662776702
113 177         1.19689348
113 154         1.84776122
113 155         1.05355683
113 153         2.50340518
113 150        0.526972669
114 102        0.773828187
114 80         2.55264263
114 59        0.655333957
114 61         1.25919542
114 126         2.46047035
114 144        0.832700487
115 116         1.50635796
115 97        0.548142018
115 100         1.64694809
115 95         5.80060472
115 94         1.30729903
115 65         1.99320111
115 54        0.814174516
115 68        0.944365539
115 55         0.70995366
115 41        0.614665389
115 219        0.533777477
115 220        0.519110879
115 197        0.504127224
115 173        0.738578066
115 193        0.948652449
115 192        0.895831424
115 142         3.58000735
115 129         1.62046306
115 154        0.484292234
115 155         1.04171594
116 115         1.50635796
116 113         1.72895018
116 95          1.5423022
116 94         5.22409554
116 85         1.29274087
116 84         0.53971093
116 65        0.587934155
116 54         1.27001867
116 53        0.501400888
116 68         0.89564674
116 55        0.630668341
116 220         0.51346684
116 209         0.55734958
116 197        0.798182635
116 193        0.501119891
116 192        0.870625552
116 142         1.18597634
116 177        0.519546319
116 154         1.65991459
116 155         3.47182307
116 153        0.640960146
117 172         1.36565366
117 170        0.616291562
117 108            1.80143
117 81         0.70774085
117 171         1.85714477
117 72         1.93157933
117 194        0.716377694
117 225        0.491829852
117 49        0.615107571
117 132         3.36116065
117 184        0.996911769
117 218        0.525193694
117 86         2.82165586
117 58         0.76127531
117 182        0.647207555
117 131         1.12158623
117 93         1.05120115
118 199        0.576121825
118 143         1.18794396
118 166         1.60310095
118 157         0.59249145
118 156         4.09595738
118 165         2.40212989
118 63        0.879146659
118 66         1.34813146
118 101         6.03932689
118 62         1.04317391
118 125        0.882034151
118 111          1.5032321
119 162        0.606867191
119 82         1.39611138
119 99         1.68300443
119 47        0.539255865
119 133         2.29237126
119 183        0.661805714
119 3085        0.843924565
119 138        0.908595106
120 227        0.533947233
120 214        0.690189596
120 223        0.894189441
120 226        0.582364369
120 140        0.643974904
120 195         2.90816351
120 170         0.63618082
120 43        0.499126998
120 90         2.23997777
120 108        0.465949146
121 97         1.05226085
121 73         1.15358323
121 35        0.528189494
121 244        0.556652911
121 213        0.859150249
121 238        0.678129115
121 221        0.909492846
121 222        0.678780619
121 168          1.4420014
121 174        0.927952543
121 189         2.21800755
121 188        0.604547127
121 181         2.01342674
121 134         1.82617952
121 130         2.24478763
122 103        0.697856926
122 104         1.76462051
122 92         1.08612931
122 78         3.29783652
122 57        0.702599081
122 123        0.529943181
122 109         0.54512793
122 37        0.492842062
122 204          0.5626964
122 178        0.806728634
122 179         1.88130175
122 141        0.813358883
122 152         5.53128878
122 151         1.28962072
123 122        0.529943181
123 92         1.53547836
123 76         1.25254979
123 107         1.36467839
123 109         6.18171663
123 74         0.61793517
123 205        0.973641872
123 179        0.517893684
123 167         2.34726071
123 149        0.779696002
123 141         3.87369626
123 152        0.680330302
124 51         0.77937627
124 200        0.701576988
124 253        0.470772209
124 231        0.614963291
124 232        0.903889958
124 187         2.38523606
124 186          1.3590188
124 188         0.56124128
124 147         2.94117247
124 159         0.99404542
124 136         1.95535901
125 145         1.37804656
125 156        0.756116741
125 165         1.29177864
125 50        0.783977976
125 66        0.477290035
125 96         1.52306891
125 101        0.767311671
125 62          1.9450305
125 118        0.882034151
126 114         2.46047035
126 80        0.677659318
126 61        0.503254879
126 190         0.61719363
126 215         1.35292556
126 127        0.745821759
126 144        0.745016485
127 67        0.856357868
127 215        0.523018178
127 284        0.474960207
127 196        0.813630944
127 164         3.42219377
127 126        0.745821759
128 146          1.7544724
128 180         3.87532391
128 162        0.534434963
128 64         0.50798717
128 71        0.622094495
128 89         2.19005779
128 87         1.56630455
128 207        0.520399085
128 185          1.1421241
129 97         1.81157837
129 115         1.62046306
129 100         3.58705316
129 95        0.796262419
129 65        0.865512768
129 41        0.516605627
129 245        0.487766859
129 216        0.836684472
129 219        0.822147842
129 220        0.487161791
129 213        0.574415634
129 173         3.70434793
129 174         1.20287605
129 193         1.52744644
129 192        0.665561352
129 130         1.20730657
129 142         1.74208941
130 97         3.50209194
130 100        0.896954282
130 73        0.798278387
130 250        0.487876518
130 242        0.583817179
130 244        0.470360226
130 216        0.865740284
130 213         1.61817776
130 238        0.866372729
130 221        0.695224833
130 168        0.524643799
130 173         1.17137746
130 174         3.86810235
130 189         1.12236936
130 181         2.03842628
130 134        0.510312413
130 121         2.24478763
130 129         1.20730657
131 172         6.93890932
131 243        0.521250261
131 117         1.12158623
131 171         0.84387184
131 194        0.476256716
131 132        0.583928882
131 184         1.32089561
131 218        0.730739881
131 86         1.12158169
131 58         0.70197333
131 182         2.99458596
131 217        0.829053512
131 93         2.78422306
132 241        0.507563362
132 226        0.596384591
132 172        0.876450773
132 170         1.85304341
132 108         3.45515432
132 81        0.830727272
132 117         3.36116065
132 171         4.36072885
132 72        0.861866203
132 194         1.55663575
132 225        0.938536676
132 184         1.13279146
132 218        0.651148275
132 86        0.777142479
132 182        0.515277844
132 131        0.583928882
133 162          2.5584994
133 71        0.701133262
133 82          1.0205675
133 119         2.29237126
133 99        0.493505847
133 212        0.804779487
133 185        0.662475335
133 3085        0.901697414
134 73        0.567099904
134 35        0.932005103
134 244        0.485193113
134 221        0.692883855
134 222        0.809468833
134 224        0.755639091
134 231        0.491319968
134 168         4.44975461
134 186        0.796363217
134 189         1.25145605
134 188         1.59813833
134 181        0.743389992
134 136         1.65518976
134 121         1.82617952
134 130        0.510312413
135 163        0.985409627
135 88        0.716325173
135 79         1.27268801
135 99        0.612506146
135 233        0.734254031
135 183         1.10133099
135 191          1.8078181
135 138         2.16345357
135 137         1.62038096
136 51        0.602862519
136 35        0.591680254
136 222        0.542332647
136 224        0.823279562
136 231         0.98538485
136 232        0.657428439
136 168         1.29167336
136 187         1.11746531
136 186         3.36677056
136 189        0.467779392
136 188          1.9036623
136 147        0.648882378
136 124         1.95535901
136 134         1.65518976
137 163         3.04124378
137 88         2.45393376
137 79        0.785710918
137 233        0.496864635
137 191        0.599510195
137 196        0.504228924
137 164        0.740133257
137 135         1.62038096
137 138        0.474294779
138 79        0.966623771
138 119        0.908595106
138 99         1.96002623
138 183         2.30986854
138 191         1.18221225
138 3085        0.529703638
138 135         2.16345357
138 137        0.474294779
139 198         1.08701156
139 210        0.578286756
139 143        0.545479405
139 140         2.15004805
139 158         3.70030765
139 157        0.960810569
139 70        0.762234039
139 56        0.483340323
139 69         1.32074563
139 111        0.494136679
139 110         3.19110591
140 198        0.977822127
140 210         1.45737796
140 214        0.811941489
140 223        0.479826742
140 158        0.933042482
140 69         1.06238563
140 139         2.15004805
140 110        0.686447189
140 195        0.567093475
140 90        0.466088565
140 120        0.643974904
141 122        0.813358883
141 92         1.06353154
141 78        0.509046782
141 76        0.597364177
141 123         3.87369626
141 107        0.567316499
141 109         1.49133153
141 204        0.690093894
141 240        0.493077611
141 239        0.529347709
141 205         1.61242554
141 179         1.17740524
141 167         2.38881323
141 149        0.505425862
141 152         1.47654321
142 116         1.18597634
142 115         3.58000735
142 100        0.891515482
142 95         1.16774405
142 94        0.710877214
142 65        0.675593035
142 245        0.483333644
142 267        0.517854427
142 246         0.79129285
142 216         0.51658887
142 219         1.34068902
142 237        0.684069686
142 220         1.31545563
142 209        0.467785555
142 197         1.01670337
142 173         1.29241307
142 193         3.43202144
142 192         3.16333832
142 129         1.74208941
142 154        0.644272936
142 155         1.73838517
143 211        0.672886996
143 199         1.16753839
143 198        0.471857387
143 158         1.10765123
143 166         5.77160863
143 157         6.84355588
143 156         1.54932752
143 165        0.765924213
143 70        0.483972239
143 63        0.695620802
143 101        0.713732716
143 139        0.545479405
143 118         1.18794396
143 111         4.54270812
143 110         0.75016817
144 114        0.832700487
144 102         2.30518281
144 103         1.44178561
144 104        0.639749333
144 80        0.907612467
144 59        0.467101111
144 202        0.705619885
144 190         1.46400602
144 178         1.16697279
144 126        0.745016485
144 151         1.06747794
145 256        0.533108457
145 264        0.854764694
145 156        0.530424553
145 165        0.933362983
145 146        0.534829457
145 96        0.520340274
145 125         1.37804656
146 228        0.748428196
146 145        0.534829457
146 180        0.898137885
146 96        0.522331966
146 89        0.499562584
146 87         1.05124891
146 128          1.7544724
147 2895        0.487306018
147 2916        0.567695578
147 2911        0.599362113
147 200         2.25688179
147 253        0.561412094
147 247        0.877940814
147 231         0.48443874
147 232         1.21460791
147 187         2.78426685
147 186         0.73486865
147 2903        0.703883632
147 159         5.00295595
147 2898        0.981163138
147 136        0.648882378
147 124         2.94117247
148 105         1.84928339
148 106         2.72963889
148 107        0.798367138
148 91        0.739846356
148 75        0.759731706
