0 3085 natregimes POLY_ID
1 65         1.28525829
1 31         1.23742946
1 41        0.797160895
1 23         0.91011146
2 5         1.24478193
2 4         1.22479416
2 3         0.66594555
2 70        0.901819763
3 70        0.996341767
3 63        0.898219691
3 5        0.597218977
3 2         0.66594555
4 69         1.37467661
4 43         1.10955306
4 2         1.22479416
4 56         0.81353458
5 63        0.922157056
5 6        0.836588177
5 3        0.597218977
5 29        0.715374599
6 66         1.11931369
6 7         1.08594643
6 29        0.489321038
6 5        0.836588177
7 62         1.28937447
7 29         1.21666468
7 6         1.08594643
7 50        0.913347192
8 87         1.26534616
8 50         1.24623201
8 64         0.65151256
8 9          1.1326237
9 10         1.30052081
9 60         1.14832669
9 8          1.1326237
9 44        0.902508491
10 9         1.30052081
10 60        0.986466795
10 11        0.676616671
10 44        0.687713566
11 44         1.25181298
11 12        0.917774622
11 10        0.676616671
11 47        0.899372261
12 10         1.58548547
12 24         1.16705752
12 11        0.917774622
12 47        0.815392372
13 27         1.04503942
13 59        0.933787552
13 14         1.02352879
13 36         0.66948064
14 57         1.07826144
14 13         1.02352879
14 15         0.97327746
14 33        0.469281936
15 33         1.06371252
15 14         0.97327746
15 16        0.859069425
15 37         0.61095389
16 37        0.866707061
16 15        0.859069425
16 30        0.510349122
16 17        0.826732093
17 18        0.990621196
17 30        0.904336376
17 16        0.826732093
17 34        0.588614187
18 34        0.955547813
18 46        0.844056054
18 42        0.536184998
18 19        0.604749145
19 20        0.790404399
19 39         0.66864752
19 18        0.604749145
19 46        0.627472393
20 52         0.89191674
20 40        0.842837797
20 19        0.790404399
20 39        0.569265204
21 20        0.914153169
21 53        0.849886059
21 40        0.433689572
21 22        0.763997126
22 40         1.02146283
22 23        0.969288727
22 38          0.5928531
22 21        0.763997126
23 68        0.947805273
23 55        0.744924449
23 1         0.91011146
23 38        0.690267604
24 88         1.49626177
24 79         1.19616867
24 25         1.05920877
24 12         1.16705752
25 67         1.34363311
25 26         1.25114309
25 24         1.05920877
25 88         1.19238951
26 25         1.25114309
26 27         1.19798885
26 61         1.12859426
26 67         1.13655588
27 26         1.19798885
27 61         1.16924338
27 36        0.718371653
27 13         1.04503942
28 81         1.33608226
28 49         1.08398282
28 32        0.350505571
28 48        0.780470758
29 63         1.04825416
29 5        0.715374599
29 6        0.489321038
29 66        0.631684281
30 34         0.90250616
30 37        0.815803829
30 76        0.650317518
30 16        0.510349122
31 97         1.40665011
31 1         1.23742946
31 41         1.18738406
31 73        0.751484059
32 81        0.985685948
32 49        0.894174666
32 28        0.350505571
32 48        0.430905974
33 13         1.09048338
33 15         1.06371252
33 14        0.469281936
33 57        0.610902011
34 30         0.90250616
34 74        0.720517077
34 42        0.661568167
34 17        0.588614187
35 136         1.30003924
35 73         1.16605484
35 51         1.02320518
35 134         1.03583565
36 61         1.01570379
36 27        0.718371653
36 13         0.66948064
36 59        0.684087168
37 78        0.884280454
37 16        0.866707061
37 30        0.815803829
37 15         0.61095389
38 22          0.5928531
38 54        0.584827192
38 55        0.437952062
38 68        0.551652164
39 19         0.66864752
39 52        0.634705277
39 20        0.569265204
39 77        0.577680924
40 20        0.842837797
40 52        0.650155271
40 53        0.520826637
40 21        0.433689572
41 95         1.08811953
41 100        0.866152352
41 65        0.594401569
41 1        0.797160895
42 75        0.729336045
42 46         0.63066619
42 34        0.661568167
42 18        0.536184998
43 4         1.10955306
43 48         1.09637321
43 90        0.747294996
43 56        0.938337694
44 71         1.11422276
44 9        0.902508491
44 60        0.388605141
44 10        0.687713566
45 72         1.31924991
45 86        0.992761235
45 58        0.440529504
45 93        0.911138791
46 42         0.63066619
46 19        0.627472393
46 75        0.563542578
46 77        0.582590901
47 82         1.07532802
47 11        0.899372261
47 12        0.815392372
47 99        0.850268482
48 49        0.863513307
48 28        0.780470758
48 81         0.56098381
48 32        0.430905974
49 81         1.00703909
49 32        0.894174666
49 72         0.55576408
49 48        0.863513307
50 64          1.0400388
50 7        0.913347192
50 96        0.542841475
50 62        0.823326829
51 136         1.28792584
51 124         1.13273002
51 2892         0.94794101
51 35         1.02320518
52 84        0.657284655
52 40        0.650155271
52 83        0.465197744
52 39        0.634705277
53 52        0.738047652
53 85        0.549397022
53 84        0.538751217
53 40        0.520826637
54 38        0.584827192
54 55        0.466595532
54 94         0.45016664
54 68        0.316862361
55 23        0.744924449
55 54        0.466595532
55 68        0.202896234
55 38        0.437952062
56 90         1.16896194
56 43        0.938337694
56 69        0.581441547
56 4         0.81353458
57 103        0.920918596
57 78        0.865966952
57 33        0.610902011
57 104        0.718504628
58 72         0.93491748
58 93         0.61622096
58 45        0.440529504
58 86        0.552242187
59 13        0.933787552
59 102        0.878905441
59 80        0.623064402
59 36        0.684087168
60 82         1.03981552
60 10        0.986466795
60 44        0.388605141
60 71        0.729164224
61 26         1.12859426
61 36         1.01570379
61 80        0.977701289
61 114        0.891155378
62 66        0.871258361
62 50        0.823326829
62 101        0.778604305
62 125        0.717029118
63 3        0.898219691
63 101         0.84913619
63 66         0.70604083
63 111         0.73152084
64 50          1.0400388
64 96         1.03347379
64 8         0.65151256
64 87        0.631130842
65 115         0.70831174
65 100        0.660357398
65 95        0.499231491
65 41        0.594401569
66 118        0.861259207
66 63         0.70604083
66 101        0.459454374
66 29        0.631684281
67 61         1.25380359
67 26         1.13655588
67 164         1.09925475
67 127         1.08061839
68 95        0.616550328
68 38        0.551652164
68 55        0.202896234
68 54        0.316862361
69 140        0.970194718
69 110        0.916954288
69 56        0.581441547
69 139        0.870142556
70 63         1.01527909
70 3        0.996341767
70 110        0.609452747
70 2        0.901819763
71 82         1.05975001
71 162         1.02200812
71 89        0.606224916
71 60        0.729164224
72 108        0.839687824
72 117        0.719521416
72 49         0.55576408
72 86        0.584657075
73 130         1.11923895
73 121        0.931055423
73 31        0.751484059
73 97        0.892815323
74 42        0.769596061
74 34        0.720517077
74 107        0.611723523
74 75        0.683248444
75 42        0.729336045
75 74        0.683248444
75 46        0.563542578
75 106        0.621963514
76 123        0.893516343
76 30        0.650317518
76 109        0.494120664
76 92        0.596827867
77 83         0.71530255
77 46        0.582590901
77 91        0.262537943
77 39        0.577680924
78 57        0.865966952
78 104        0.825449303
78 92        0.789440036
78 122        0.550662419
79 99         1.06698061
79 138         1.01711782
79 88        0.982735704
79 135        0.886418934
80 61        0.977701289
80 102        0.717792456
80 59        0.623064402
80 114        0.625900057
81 32        0.985685948
81 72        0.900119295
81 108        0.559384907
81 48         0.56098381
82 71         1.05975001
82 60         1.03981552
82 119        0.846330448
82 133         0.98987221
83 91        0.645890848
83 112        0.549760859
83 84        0.512918882
83 52        0.465197744
84 112         0.62647627
84 85        0.563833986
84 83        0.512918882
84 53        0.538751217
85 94        0.717584959
85 84        0.563833986
85 113        0.528787761
85 53        0.549397022
86 93        0.598145064
86 117        0.595316579
86 58        0.552242187
86 72        0.584657075
87 89          1.0023643
87 146        0.975320204
87 64        0.631130842
87 128        0.799027811
88 135         1.18153038
88 163         1.18054516
88 79        0.982735704
88 137        0.638364286
89 87          1.0023643
89 180        0.811128212
89 71        0.606224916
89 128        0.675728463
90 81          1.1738318
90 56         1.16896194
90 43        0.747294996
90 120         0.66815642
91 46        0.781699708
91 83        0.645890848
91 77        0.262537943
91 105        0.483517471
92 123        0.807008575
92 78        0.789440036
92 109        0.534444548
92 76        0.596827867
93 45        0.911138791
93 58         0.61622096
93 131        0.599305118
93 86        0.598145064
94 68           0.652749
94 95        0.645002318
94 116        0.437516509
94 54         0.45016664
95 94        0.645002318
95 68        0.616550328
95 115        0.415205755
95 65        0.499231491
96 64         1.03347379
96 62        0.913566672
96 50        0.542841475
96 125        0.810289523
97 73        0.892815323
97 129        0.742970271
97 100        0.612648766
97 130        0.534362814
98 229         1.87203056
98 160         1.77851266
98 169         1.25455149
98 161         1.06862946
99 79         1.06698061
99 47        0.850268482
99 119        0.770827802
99 138        0.714280934
100 115        0.779219916
100 65        0.660357398
100 97        0.612648766
100 129        0.527996561
101 63         0.84913619
101 62        0.778604305
101 118        0.406916904
101 66        0.459454374
102 104          0.8720256
102 80        0.717792456
102 103        0.402704042
102 144        0.658638804
103 144        0.832817145
103 151         0.62736411
103 104        0.476778809
103 102        0.402704042
104 122        0.752790862
104 57        0.718504628
104 103        0.476778809
104 151        0.585053365
105 77        0.741419325
105 148        0.735357058
105 91        0.483517471
105 150        0.672281314
106 74        0.819416284
106 107        0.685378568
106 75        0.621963514
106 148        0.605267565
107 123        0.856021834
107 149        0.730497642
107 106        0.685378568
107 74        0.611723523
108 72        0.839687824
108 117        0.745060096
108 81        0.559384907
108 132        0.537980179
109 141        0.818866115
109 92        0.534444548
109 123        0.402203137
109 76        0.494120664
110 69        0.916954288
110 158        0.757339236
110 139        0.559795485
110 70        0.609452747
111 166        0.773904924
111 63         0.73152084
111 157        0.714072418
111 143        0.469183341
112 150        0.669874435
112 153        0.634330176
112 83        0.549760859
112 84         0.62647627
113 154        0.735659886
113 153        0.632025247
113 84        0.708930646
113 85        0.528787761
114 144          1.0958613
114 61        0.891155378
114 80        0.625900057
114 126         0.63751577
115 100        0.779219916
115 65         0.70831174
115 95        0.415205755
115 142         0.52851588
116 154        0.776170494
116 113         0.76051671
116 94        0.437516509
116 155        0.536687163
117 171        0.733799007
117 72        0.719521416
117 132        0.545450526
117 86        0.595316579
118 166        0.789804429
118 165         0.64521099
118 101        0.406916904
118 156        0.494108455
119 138         1.04909497
119 82        0.846330448
119 99        0.770827802
119 133        0.660476733
120 214         1.20369317
120 223         1.05751182
120 195        0.586395447
120 90         0.66815642
121 134        0.739994115
121 181         0.70474513
121 130        0.667440214
121 189         0.67145744
122 104        0.752790862
122 179        0.729072589
122 152        0.425193712
122 78        0.550662419
123 92        0.807008575
123 167        0.652708601
123 109        0.402203137
123 141        0.508085987
124 186        0.857802421
124 136        0.715132881
124 187        0.647491866
124 147        0.583095586
125 165        0.879844553
125 96        0.810289523
125 145        0.851859664
125 62        0.717029118
126 144         1.15855607
126 127         1.15793045
126 215        0.859731917
126 114         0.63751577
127 126         1.15793045
127 196         1.10862909
127 164        0.540564725
127 67         1.08061839
128 87        0.799027811
128 146        0.754964847
128 180        0.507979278
128 89        0.675728463
129 142        0.757643288
129 97        0.742970271
129 173        0.519570057
129 100        0.527996561
130 181        0.700410253
130 121        0.667440214
130 174        0.508453243
130 97        0.534362814
131 184        0.870093153
131 93        0.599305118
131 172        0.379624641
131 182        0.577871942
132 170        0.734610622
132 117        0.545450526
132 171        0.478873118
132 108        0.537980179
133 3085         1.05309994
133 82         0.98987221
133 162         0.62518326
133 119        0.660476733
134 188        0.791029747
134 136        0.777277516
134 121        0.739994115
134 168        0.474058534
135 79        0.886418934
135 137        0.785581837
135 138        0.679870521
135 191        0.743742561
136 134        0.777277516
136 188        0.724778072
136 124        0.715132881
136 186        0.544995905
137 79         1.12815457
137 135        0.785581837
137 163        0.573422043
137 88        0.638364286
138 191        0.919712889
138 99        0.714280934
138 135        0.679870521
138 183        0.657970417
139 69        0.870142556
139 140        0.681986718
139 158        0.519853633
139 110        0.559795485
140 198         1.01127686
140 69        0.970194718
140 139        0.681986718
140 210        0.828350048
141 109        0.818866115
141 205        0.787517413
141 167        0.647006885
141 123        0.508085987
142 129        0.757643288
142 193         0.53979021
142 192        0.562247042
142 115         0.52851588
143 156        0.803393627
143 111        0.469183341
143 157        0.382260207
143 166        0.416247428
144 178        0.925698659
144 103        0.832817145
144 102        0.658638804
144 190        0.826472808
145 146         1.36738981
145 264         1.08162499
145 125        0.851859664
145 165          1.0350819
146 228         1.15591242
146 87        0.975320204
146 180         1.05518472
146 128        0.754964847
147 200        0.665649474
147 187        0.599300406
147 159         0.44708146
147 124        0.583095586
148 203        0.735672757
148 105        0.735357058
148 175        0.349340501
148 106        0.605267565
149 175        0.817401899
149 148         0.78127007
149 201        0.543620806
149 107        0.730497642
150 153        0.880597504
150 105        0.672281314
150 176        0.349632575
150 112        0.669874435
151 202        0.869681457
151 103         0.62736411
151 178        0.342477678
151 104        0.585053365
152 204        0.942089264
152 141        0.822956576
152 179        0.344208725
152 122        0.425193712
153 208        0.700484166
153 112        0.634330176
153 177        0.350393113
153 113        0.632025247
154 177        0.704195614
154 197         0.68448788
154 155        0.489475818
154 209         0.63080262
155 192        0.621203007
155 197         0.58300794
155 154        0.489475818
155 116        0.536687163
156 143        0.803393627
156 118        0.494108455
156 165        0.340617105
156 166        0.470137924
157 111        0.714072418
157 166        0.707310884
157 158         0.57464012
157 143        0.382260207
158 110        0.757339236
158 198        0.691199314
158 139        0.519853633
158 157         0.57464012
159 2903        0.755734756
159 200        0.593734963
159 147         0.44708146
159 2898        0.571061074
160 248         1.28419745
160 312         1.11686625
160 230        0.726698259
160 161        0.748585998
161 307          1.3360802
161 98         1.06862946
161 169        0.768313753
161 160        0.748585998
162 180        0.973538723
162 212        0.865377457
162 133         0.62518326
162 185         0.60532816
163 164         1.03812102
163 196        0.938005717
163 135           1.007376
163 137        0.573422043
164 67         1.09925475
164 163         1.03812102
164 127        0.540564725
164 196          0.8202265
165 125        0.879844553
165 166         0.78462062
165 156        0.340617105
165 118         0.64521099
166 157        0.707310884
166 199        0.613952101
166 156        0.470137924
166 143        0.416247428
167 149        0.825190729
167 123        0.652708601
167 141        0.647006885
167 205        0.430592223
168 222        0.639849864
168 189        0.582740387
168 188        0.453416487
168 134        0.474058534
169 229         1.07278794
169 307         1.02648641
169 343        0.762810544
169 161        0.768313753
170 132        0.734610622
170 225        0.691765092
170 194        0.617019184
170 226        0.569101935
171 225        0.698197559
171 184        0.479023565
171 194        0.456067274
171 132        0.478873118
172 171        0.755354638
172 184        0.490841945
172 131        0.379624641
172 182        0.390326086
173 174        0.635536144
173 216        0.591235386
173 129        0.519570057
173 193        0.572254341
174 173        0.635536144
174 216        0.575007761
174 130        0.508453243
174 213        0.412381883
175 235        0.723987222
175 201        0.700748073
175 148        0.349340501
175 203        0.405463439
176 177        0.873938226
176 203        0.794728549
176 150        0.349632575
176 206        0.540599197
177 236        0.737041089
177 154        0.704195614
177 208        0.350141976
177 153        0.350393113
178 144        0.925698659
178 103        0.890625464
178 151        0.342477678
178 202        0.532494958
179 141        0.921588437
179 122        0.729072589
179 152        0.344208725
179 204        0.605596412
180 207        0.946060524
180 89        0.811128212
180 128        0.507979278
180 185         0.44490292
181 238        0.509666319
181 221         0.49935228
181 189        0.338475083
181 213        0.436516541
182 131        0.577871942
182 184        0.567875066
182 217        0.525389061
182 172        0.390326086
183 135        0.952886272
183 138        0.657970417
183 3085        0.944423018
183 191         0.56965716
184 182        0.567875066
184 172        0.490841945
184 218         0.38614326
184 171        0.479023565
185 128        0.935714484
185 207        0.810044302
185 162         0.60532816
185 180         0.44490292
186 187        0.647815324
186 188        0.572989754
186 136        0.544995905
186 231        0.477807673
187 186        0.647815324
187 124        0.647491866
187 147        0.599300406
187 232        0.404884049
188 222        0.649992879
188 186        0.572989754
188 224        0.406756998
188 168        0.453416487
189 222        0.587353802
189 168        0.582740387
189 181        0.338475083
189 221        0.381697724
190 215         1.09989462
190 202         1.04030324
190 144        0.826472808
190 281        0.926095996
191 138        0.919712889
191 233        0.575535729
191 135        0.743742561
191 183         0.56965716
192 142        0.562247042
192 197         0.48754266
192 193        0.558661468
192 220        0.347895416
193 173        0.572254341
193 142         0.53979021
193 192        0.558661468
193 219        0.346651009
194 184        0.628666486
194 170        0.617019184
194 225        0.244467655
194 171        0.456067274
195 227        0.809515403
195 214        0.762727208
195 120        0.586395447
195 223        0.482648661
196 282         1.03129342
196 163        0.938005717
196 164          0.8202265
196 284        0.882724019
197 220        0.507891798
197 209        0.498481178
197 192         0.48754266
197 237        0.349565553
198 139        0.959142021
198 210        0.865867021
198 158        0.691199314
198 211         0.78397623
199 143        0.925474411
199 211          0.8678296
199 166        0.613952101
199 156        0.854639104
200 2916        0.715478137
200 159        0.593734963
200 147        0.665649474
200 247        0.490821965
201 257        0.712746958
201 175        0.700748073
201 234         0.33908208
201 149        0.543620806
202 204         1.02480064
202 151        0.869681457
202 178        0.532494958
202 263        0.672041741
203 148        0.735672757
203 258        0.701674155
203 175        0.405463439
203 235        0.345321238
204 239        0.957017546
204 272        0.949204712
204 152        0.942089264
204 179        0.605596412
205 239        0.861942785
205 240        0.637368471
205 141        0.787517413
205 167        0.430592223
206 236        0.777244776
206 208        0.773970148
206 176        0.540599197
206 260        0.650351549
207 326         1.01162395
207 212         0.99253751
207 185        0.810044302
207 180        0.946060524
208 153        0.700484166
208 209        0.659607481
208 177        0.350141976
208 236        0.388411091
209 154         0.63080262
209 237        0.571590813
209 197        0.498481178
209 249        0.495986592
210 198        0.865867021
210 140        0.828350048
210 214         0.62820346
210 271        0.821138231
211 157         1.00040165
211 199          0.8678296
211 198         0.78397623
211 269        0.681831634
212 3085         1.09801643
212 207         0.99253751
212 185        0.949043004
212 162        0.865377457
213 242        0.522798914
213 174        0.412381883
213 181        0.436516541
213 238        0.333698842
214 195        0.762727208
214 271        0.680029529
214 223        0.478341139
214 210         0.62820346
215 281         1.33231478
215 283         1.15181217
215 126        0.859731917
215 190         1.09989462
216 173        0.591235386
216 174        0.575007761
216 250         0.43665965
216 245        0.561047655
217 270        0.632873457
217 218        0.619482252
217 243        0.462468122
217 182        0.525389061
218 194        0.656677037
218 217        0.619482252
218 184         0.38614326
218 243        0.388291911
219 267        0.575375882
219 220        0.557703299
219 193        0.346651009
219 246        0.388932433
220 197        0.507891798
220 237        0.446788388
220 192        0.347895416
220 246        0.435161752
221 238        0.494503841
221 222         0.39640282
221 189        0.381697724
221 244         0.29205424
222 224         0.46481775
222 252        0.464103178
222 221         0.39640282
222 244        0.412894322
223 300        0.914569147
223 227        0.537924215
223 214        0.478341139
223 195        0.482648661
224 231        0.592486432
224 222         0.46481775
224 261        0.429853511
224 188        0.406756998
225 218        0.684432681
225 254        0.665179212
225 194        0.244467655
225 241        0.410233397
226 225        0.764186254
226 241        0.658206074
226 170        0.569101935
226 227        0.600801372
227 195        0.809515403
227 226        0.600801372
227 223        0.537924215
227 300         0.53224651
228 180          1.4174428
228 146         1.15591242
228 207         1.05578693
228 297        0.781159278
229 346         1.81596676
229 307         1.60902102
229 343        0.781016596
229 169         1.07278794
230 312        0.883179524
230 339        0.840517259
230 248         0.56095363
230 160        0.726698259
231 253        0.672651303
231 262        0.480593698
231 224        0.592486432
231 186        0.477807673
232 231        0.718760471
232 253        0.431643755
232 247         0.68629151
232 187        0.404884049
233 183         1.08928363
233 163         1.03822564
233 191        0.575535729
233 280        0.901371606
234 235        0.817900376
234 292        0.725433117
234 201         0.33908208
234 257        0.375570324
235 234        0.817900376
235 175        0.723987222
235 203        0.345321238
235 258        0.358934671
236 209        0.709496079
236 266        0.572222506
236 208        0.388411091
236 265        0.525574042
237 255         0.49551588
237 220        0.446788388
237 249         0.43428525
237 197        0.349565553
238 181        0.509666319
238 221        0.494503841
238 242        0.329501815
238 213        0.333698842
239 204        0.957017546
239 205        0.861942785
239 240        0.810600604
239 308        0.699376052
240 292        0.863109679
240 305         0.75642201
240 239        0.810600604
240 205        0.637368471
241 226        0.658206074
241 194        0.650957905
241 225        0.410233397
241 254        0.466181307
242 259          0.5150486
242 287        0.466742606
242 288          0.3867786
242 238        0.329501815
243 184         0.74579195
243 217        0.462468122
243 270        0.345880288
243 218        0.388291911
244 222        0.412894322
244 259        0.352065232
244 221         0.29205424
244 268        0.292962294
245 267        0.577052961
245 216        0.561047655
245 295         0.42930938
245 250        0.478516789
246 255        0.568645018
246 220        0.435161752
246 267        0.284011034
246 219        0.388932433
247 2916        0.779019599
247 232         0.68629151
247 274        0.489667849
247 200        0.490821965
248 373         0.73017569
248 339        0.651608771
248 251        0.576675546
248 230         0.56095363
249 209        0.495986592
249 237         0.43428525
249 266        0.464795932
249 289        0.427857855
250 242        0.566200992
250 245        0.478516789
250 287        0.393854986
250 216         0.43665965
251 306        0.827724613
251 350        0.820451693
251 275        0.434351175
251 248        0.576675546
252 244        0.435661267
252 261        0.429312604
252 268        0.217884601
252 290        0.409492164
253 231        0.672651303
253 262        0.630891276
253 298        0.344652834
253 232        0.431643755
254 243         0.78947378
254 241        0.466181307
254 225        0.665179212
254 304         0.42107233
255 246        0.568645018
255 289        0.549165441
255 291        0.413459481
255 237         0.49551588
256 376        0.936010567
256 264        0.899932523
256 299        0.549360395
256 336        0.831815803
257 293         0.70210953
257 329         0.67581672
257 234        0.375570324
257 292        0.391731986
258 203        0.701674155
258 293        0.623313283
258 235        0.358934671
258 294        0.542236869
259 268        0.378917533
259 288        0.376492595
259 244        0.352065232
259 301        0.363040348
260 294        0.763867358
260 206        0.650351549
260 265        0.621128499
260 319        0.531221567
261 262         0.56095299
261 252        0.429312604
261 224        0.429853511
261 296        0.316863996
262 296        0.570845154
262 261         0.56095299
262 317        0.380497816
262 231        0.480593698
263 281         1.10509123
263 272        0.862119402
263 202        0.672041741
263 322         0.61216278
264 336         1.08397195
264 145         1.08162499
264 256        0.899932523
264 347        0.792149763
265 302        0.572398967
265 266        0.555269408
265 236        0.525574042
265 333        0.546839314
266 289         0.56661403
266 265        0.555269408
266 302        0.307410388
266 249        0.464795932
267 245        0.577052961
267 219        0.575375882
267 246        0.284011034
267 291        0.432180556
268 259        0.378917533
268 290        0.349310013
268 252        0.217884601
268 244        0.292962294
269 376         1.15957547
269 199         1.00569408
269 299         0.93199144
269 211        0.681831634
270 217        0.632873457
270 273        0.526853413
270 243        0.345880288
270 314        0.412871086
271 223        0.949020342
271 210        0.821138231
271 214        0.680029529
271 327        0.669902551
272 322         1.09627038
272 204        0.949204712
272 263        0.862119402
272 335         0.57707809
273 217        0.834836054
273 243        0.815306624
273 270        0.526853413
273 314        0.467591938
274 298        0.677674442
274 316        0.636778602
274 247        0.489667849
274 325        0.457513463
275 344          0.7939255
275 278        0.515249136
275 251        0.434351175
275 306        0.450266362
276 303        0.679115506
276 311        0.396333493
276 279        0.391284326
276 277        0.388640959
277 338        0.651368991
277 311        0.429893005
277 303        0.366087895
277 276        0.388640959
278 277        0.663225741
278 275        0.515249136
278 303        0.453677155
278 306        0.393375941
279 311        0.663338826
279 330        0.634720575
279 285        0.645857038
279 276        0.391284326
280 183         1.34247864
280 191         1.16694334
280 318         1.16498564
280 233        0.901371606
281 283         1.03674143
281 190        0.926095996
281 322        0.810407929
281 371        0.749045429
282 284         1.15065848
282 196         1.03129342
282 374        0.693340019
282 382        0.919509752
283 215         1.15181217
283 371         1.05949994
283 281         1.03674143
283 328          1.0576336
284 374         1.20021881
284 196        0.882724019
284 282         1.15065848
284 328        0.804559253
285 377        0.948572209
285 2926        0.771944609
285 279        0.645857038
285 330        0.716658086
286 211         1.29129848
286 198         1.13625784
286 271         1.04483972
286 210         1.09046639
287 288        0.466792755
287 242        0.466742606
287 310        0.246513427
287 250        0.393854986
288 331        0.455385897
288 242          0.3867786
288 301        0.316023468
288 259        0.376492595
289 302        0.529864281
289 321        0.528214197
289 249        0.427857855
289 334        0.407067906
290 313        0.434777855
290 252        0.409492164
290 268        0.349310013
290 332        0.394812433
291 321        0.501178413
291 267        0.432180556
291 320        0.303692055
291 255        0.413459481
292 305        0.674563764
292 293        0.668807522
292 257        0.391731986
292 329        0.351748607
293 258        0.623313283
293 358         0.54849812
293 294        0.482307839
293 329        0.533658371
294 359        0.609725001
294 258        0.542236869
294 293        0.482307839
294 358        0.512757228
295 250        0.575820908
295 337        0.532853023
295 245         0.42930938
295 315        0.445151302
296 341        0.474824446
296 317        0.438653295
296 261        0.316863996
296 313        0.430992487
297 354         1.22718452
297 397        0.934965953
297 388        0.885861005
297 228        0.781159278
298 325        0.632924434
298 323        0.581609743
298 253        0.344652834
298 324         0.42767319
299 395        0.829258626
299 336        0.554472644
299 256        0.549360395
299 376        0.446846618
300 327        0.952276817
300 223        0.914569147
300 345        0.717689133
300 227         0.53224651
301 332        0.381354851
301 259        0.363040348
301 288        0.316023468
301 331        0.338268241
302 289        0.529864281
302 334        0.500688964
302 266        0.307410388
302 333        0.426200281
303 311        0.462825754
303 277        0.366087895
303 278        0.453677155
303 338        0.334284742
304 314        0.897025641
304 241        0.765785235
304 254         0.42107233
304 351        0.635712678
305 240         0.75642201
305 329        0.741111528
305 292        0.674563764
305 372        0.453827371
306 338        0.546914642
306 356        0.532787695
306 275        0.450266362
306 278        0.393375941
307 343        0.837326818
307 348        0.566819316
307 312          0.6196679
307 346        0.348282395
308 372        0.911288187
308 305        0.811654022
308 239        0.699376052
308 387        0.607120465
309 326        0.864801204
309 422         0.84748408
309 394        0.474981445
309 389        0.540144894
310 331        0.542549644
310 288         0.49374749
310 287        0.246513427
310 340        0.229567337
311 303        0.462825754
311 349        0.435020567
311 276        0.396333493
311 277        0.429893005
312 346        0.591740332
312 339        0.498264748
312 348        0.398720455
312 385        0.431648148
313 341        0.509695489
313 290        0.434777855
313 362        0.414888852
313 296        0.430992487
314 351        0.800292282
314 243        0.751961942
314 270        0.412871086
314 273        0.467591938
315 320         0.58590773
315 337        0.549798048
315 365        0.403302833
315 295        0.445151302
316 2946        0.556233796
316 2934        0.542779248
316 353        0.533173611
316 2925        0.526238384
317 296        0.438653295
317 262        0.380497816
317 323        0.319176571
317 341        0.372597121
318 422         1.15284902
318 394         1.06315249
318 389        0.634363998
318 309         0.93101069
319 265         0.70463962
319 359        0.496658111
319 260        0.531221567
319 363        0.434658509
320 361        0.575607317
320 321        0.430755209
320 291        0.303692055
320 364        0.398235227
321 334        0.527147635
321 320        0.430755209
321 291        0.501178413
321 361        0.388885517
322 371        0.935786678
322 398        0.765206684
322 281        0.810407929
322 263         0.61216278
323 341        0.482548207
323 370        0.396008474
323 324        0.405781741
323 317        0.319176571
324 370        0.528235114
324 380         0.46407785
324 323        0.405781741
324 298         0.42767319
325 324         0.55742319
325 380         0.51924745
325 274        0.457513463
325 375        0.416265779
326 354        0.993452895
326 309        0.864801204
326 383        0.465627998
326 394        0.853507486
327 214         1.24631022
327 300        0.952276817
327 271        0.669902551
327 345        0.899892345
328 374         1.10801406
328 431         1.09299855
328 284        0.804559253
328 283          1.0576336
329 257         0.67581672
329 355        0.513299064
329 293        0.533658371
329 292        0.351748607
330 285        0.716658086
330 279        0.634720575
330 349        0.636873426
330 416        0.560140577
331 288        0.455385897
331 357        0.376929113
331 332        0.435835126
331 301        0.338268241
332 331        0.435835126
332 290        0.394812433
332 366        0.340467103
332 301        0.381354851
333 265        0.546839314
333 369        0.502404738
333 368        0.368826087
333 302        0.426200281
334 302        0.500688964
334 369        0.485390735
334 360        0.367157645
334 289        0.407067906
335 322         1.02673088
335 398        0.706264406
335 420        0.728213109
335 272         0.57707809
336 415        0.631098863
336 299        0.554472644
336 376        0.372155956
336 395        0.538005754
337 295        0.532853023
337 365        0.514335022
337 378        0.287108407
337 340        0.490214805
338 306        0.546914642
338 311        0.499342922
338 356        0.361805123
338 303        0.334284742
339 248        0.651608771
339 312        0.498264748
339 373        0.372811429
339 385        0.382671026
340 337        0.490214805
340 287        0.473428509
340 352        0.363326292
340 310        0.229567337
341 323        0.482548207
341 296        0.474824446
341 367        0.332141976
341 317        0.372597121
342 415         1.40640953
342 384         1.35120392
342 395         1.01072105
342 376         1.18303757
343 346         1.03686247
343 307        0.837326818
343 229        0.781016596
343 169        0.762810544
344 350        0.621470973
344 306        0.595236231
344 356        0.555884253
344 418        0.578928285
345 424         1.29718153
345 227         1.24931497
345 300        0.717689133
345 327        0.899892345
346 385        0.661529076
346 312        0.591740332
346 348        0.317174106
346 307        0.348282395
347 264        0.792149763
347 415        0.743091222
347 336        0.669691803
347 381        0.686099483
348 307        0.566819316
348 312        0.398720455
348 346        0.317174106
348 385        0.344417228
349 330        0.636873426
349 338        0.576231723
349 399        0.461130321
349 311        0.435020567
350 413        0.625187361
350 429        0.598353592
350 344        0.621470973
350 418        0.419695742
351 254         1.00210872
351 314        0.800292282
351 304        0.635712678
351 391        0.729387492
352 357        0.478612631
352 331        0.475690348
352 340        0.363326292
352 400        0.381576456
353 316        0.533173611
353 2972        0.524190732
353 2946         0.34888881
353 375        0.506474308
354 475        0.992426331
354 423        0.922429794
354 388        0.866347956
354 383        0.867189856
355 293         0.74203094
355 417        0.557861423
355 358        0.667250405
355 329        0.513299064
356 344        0.555884253
356 306        0.532787695
356 338        0.361805123
356 390        0.475067175
357 332        0.441886521
357 403        0.424133662
357 366        0.361723686
357 331        0.376929113
358 359        0.573361602
358 293         0.54849812
358 294        0.512757228
358 393        0.380639662
359 393        0.568237372
359 363         0.53994897
359 392        0.356191793
359 319        0.496658111
360 369        0.458522429
360 401        0.367551965
360 361        0.411880564
360 334        0.367157645
361 364        0.493945998
361 360        0.411880564
361 321        0.388885517
361 402        0.350157851
362 367        0.460918104
362 313        0.414888852
362 366        0.364478279
362 408        0.367732081
363 368         0.48147952
363 411        0.466139067
363 319        0.434658509
363 410        0.353929007
364 365        0.582026971
364 320        0.398235227
364 361        0.493945998
364 404        0.349043791
365 378        0.570298256
365 337        0.514335022
365 315        0.403302833
365 405        0.335309248
366 403         0.36876987
366 362        0.364478279
366 357        0.361723686
366 332        0.340467103
367 408        0.482993128
367 362        0.460918104
367 409        0.456236936
367 341        0.332141976
368 363         0.48147952
368 412        0.426269953
368 333        0.368826087
368 411        0.389906261
369 401        0.485245612
369 368        0.482006933
369 360        0.458522429
369 412        0.421705959
370 324        0.528235114
370 409        0.441710794
370 407        0.429196755
370 323        0.396008474
371 283         1.05949994
371 322        0.935786678
371 433        0.789099034
371 281        0.749045429
372 329        0.815804761
372 456        0.774595561
372 305        0.453827371
372 396        0.386138931
373 248         0.73017569
373 385        0.565601501
373 339        0.372811429
373 413        0.480527751
374 284         1.20021881
374 328         1.10801406
374 282        0.693340019
374 382        0.781934522
375 353        0.506474308
375 380        0.499438455
375 419        0.414199865
375 325        0.416265779
376 415         0.76202886
376 299        0.446846618
376 336        0.372155956
376 395        0.383034156
377 484        0.759608375
377 416         0.65388562
377 379        0.524762394
377 459         0.55207627
378 352        0.549202686
378 340        0.523899411
378 337        0.287108407
