0 3085 natregimes POLY_ID
1 65        0.123155045
1 55       0.0897455949
1 41        0.456150943
1 31        0.155785427
1 23        0.379092399
1 1                  0
2 70        0.384749264
2 63       0.0441271544
2 56        0.059680445
2 3        0.545670314
2 4        0.164405639
2 5        0.150769336
2 2                  0
3 70        0.320263282
3 63         0.38720535
3 66       0.0682793131
3 29        0.140680547
3 2        0.545670314
3 5        0.592557814
3 6       0.0221075391
3 3                  0
4 56        0.444980283
4 2        0.164405639
4 69       0.0621509637
4 43        0.243026858
4 4                  0
5 63        0.370874502
5 66        0.292225879
5 29        0.511948211
5 3        0.592557814
5 2        0.150769336
5 6        0.429252371
5 101      0.00567953446
5 5                  0
6 66        0.236367845
6 29        0.666169293
6 3       0.0221075391
6 5        0.429252371
6 7        0.259132074
6 6                  0
7 50        0.376884878
7 8       0.0611089352
7 29        0.169951834
7 6        0.259132074
7 96      0.00688898471
7 62        0.120346855
7 7                  0
8 64        0.555516968
8 50        0.149780043
8 7       0.0611089352
8 9        0.227287324
8 87        0.136739748
8 8                  0
9 60         0.21657423
9 44        0.384279391
9 8        0.227287324
9 10        0.112742458
9 9                  0
10 60        0.327000309
10 44        0.530819466
10 9        0.112742458
10 11        0.538390128
10 82       0.0517930693
10 10                  0
11 60         0.03240826
11 44         0.14597252
11 10        0.538390128
11 12        0.373864341
11 82        0.118702832
11 47        0.386419029
11 11                  0
12 11        0.373864341
12 47        0.443712837
12 24        0.203795451
12 12                  0
13 59          0.3629398
13 36        0.543258561
13 33        0.256036819
13 27        0.287040162
13 14        0.301715414
13 13                  0
14 57        0.264375023
14 37         0.12060139
14 33         0.67984062
14 13        0.301715414
14 15        0.335998502
14 14                  0
15 78       0.0200781686
15 57       0.0634085641
15 37        0.583187411
15 33        0.274300767
15 30        0.229438899
15 16        0.413914933
15 14        0.335998502
15 15                  0
16 92       0.0298027431
16 76        0.209254315
16 37         0.40870429
16 30        0.651823252
16 34        0.228887605
16 15        0.413914933
16 17        0.435976511
16 16                  0
17 76        0.129430147
17 30        0.383032349
17 34        0.598428282
17 42         0.30745056
17 74        0.107418126
17 18        0.324166042
17 16        0.435976511
17 17                  0
18 34        0.348094243
18 42        0.634197177
18 39         0.16225593
18 75        0.185954371
18 74        0.116286612
18 77       0.0392659936
18 46        0.424157542
18 20       0.0553748025
18 19        0.587420489
18 17        0.324166042
18 18                  0
19 34      0.00227665641
19 42        0.419822603
19 39        0.543826942
19 91        0.127004228
19 75        0.199636233
19 77        0.301275433
19 52        0.111886856
19 46        0.571917951
19 20        0.460760444
19 18        0.587420489
19 19                  0
20 39        0.611628786
20 40        0.424988677
20 83       0.0914979777
20 91       0.0573921021
20 77        0.220047419
20 53        0.100909308
20 52        0.391505428
20 46        0.215790674
20 21        0.376335013
20 19        0.460760444
20 18       0.0553748025
20 20                  0
21 39        0.127430929
21 40        0.704122886
21 38        0.144645516
21 85       0.0681790169
21 84       0.0983086926
21 53        0.420180124
21 52        0.274647476
21 22        0.478776344
21 20        0.376335013
21 21                  0
22 40        0.303124874
22 38        0.595536358
22 85       0.0638230564
22 54        0.268665255
22 53        0.259780127
22 68        0.227461609
22 55        0.296982268
22 23        0.338719745
22 21        0.478776344
22 22                  0
23 95       0.0107689045
23 38        0.529077018
23 65        0.131118549
23 54        0.207576259
23 68        0.353376455
23 55        0.491788343
23 41        0.190646184
23 22        0.338719745
23 1        0.379092399
23 23                  0
24 12        0.203795451
24 79         0.18393488
24 25         0.27737337
24 24                  0
25 88        0.186513147
25 67       0.0833298456
25 24         0.27737337
25 26        0.146429542
25 25                  0
26 67         0.22460466
26 61        0.230036337
26 25        0.146429542
26 27        0.182693094
26 26                  0
27 59       0.0440607331
27 61        0.202304183
27 36        0.509903523
27 26        0.182693094
27 13        0.287040162
27 27                  0
28 43       0.0108417099
28 81       0.0884812852
28 48        0.467537497
28 32        0.760873714
28 49         0.26047171
28 28                  0
29 63         0.28484696
29 66        0.569044465
29 3        0.140680547
29 5        0.511948211
29 7        0.169951834
29 6        0.666169293
29 101         0.26104161
29 62        0.191199685
29 29                  0
30 92        0.343927468
30 78       0.0548414855
30 76        0.556332265
30 109        0.232589595
30 37        0.443432128
30 34        0.384280982
30 74       0.0747153328
30 16        0.651823252
30 15        0.229438899
30 17        0.383032349
30 30                  0
31 97       0.0403376035
31 73        0.487313165
31 35      0.00326834669
31 41        0.189928022
31 1        0.155785427
31 31                  0
32 28        0.760873714
32 43        0.139896248
32 81        0.327533028
32 48        0.706021948
32 72        0.116656759
32 49        0.389964998
32 32                  0
33 103      0.00571722883
33 104       0.0942203981
33 78        0.106998792
33 57        0.583222804
33 59        0.167911254
33 37        0.225029933
33 13        0.256036819
33 14         0.67984062
33 15        0.274300767
33 33                  0
34 76        0.367525449
34 107        0.133575235
34 109       0.0992820346
34 30        0.384280982
34 42        0.548656707
34 75        0.203560095
34 74        0.508439846
34 46        0.128842373
34 19      0.00227665641
34 18        0.348094243
34 16        0.228887605
34 17        0.598428282
34 34                  0
35 73        0.204479509
35 51        0.301936191
35 31      0.00326834669
35 136           0.113071
35 134        0.293319271
35 121       0.0612768805
35 35                  0
36 80        0.291592561
36 59        0.533293513
36 61        0.307053883
36 27        0.509903523
36 13        0.543258561
36 36                  0
37 122        0.028196384
37 92        0.294236829
37 78         0.39671515
37 76        0.187064986
37 57        0.221101143
37 33        0.225029933
37 30        0.443432128
37 16         0.40870429
37 14         0.12060139
37 15        0.583187411
37 37                  0
38 95        0.203036181
38 40       0.0730366731
38 94        0.294249423
38 85        0.177443847
38 65        0.145677398
38 54        0.601011893
38 53         0.19799165
38 68        0.623644974
38 55        0.701214877
38 23        0.529077018
38 22        0.595536358
38 21        0.144645516
38 38                  0
39 105        0.106783914
39 42        0.145882511
39 40        0.311683419
39 84        0.123341448
39 83        0.356942809
39 91         0.43648148
39 75        0.209040322
39 77        0.605887309
39 53        0.101860985
39 52        0.566983443
39 46        0.538649953
39 21        0.127430929
39 20        0.611628786
39 19        0.543826942
39 18         0.16225593
39 39                  0
40 39        0.311683419
40 38       0.0730366731
40 85        0.269898533
40 84        0.377790989
40 83        0.284986576
40 54       0.0112426723
40 77       0.0775249763
40 53         0.64467515
40 52        0.556442955
40 22        0.303124874
40 21        0.704122886
40 20        0.424988677
40 40                  0
41 97        0.184341639
41 115        0.129812153
41 100         0.40908273
41 95         0.25764951
41 73       0.0534769051
41 65        0.594479942
41 68        0.205605007
41 55        0.249241365
41 31        0.189928022
41 23        0.190646184
41 1        0.456150943
41 129        0.050810714
41 41                  0
42 106        0.124047948
42 107       0.0681944014
42 34        0.548656707
42 39        0.145882511
42 91        0.081039288
42 75        0.502423259
42 74        0.474956569
42 77        0.185649179
42 46        0.569739039
42 19        0.419822603
42 18        0.634197177
42 17         0.30745056
42 42                  0
43 56        0.359835545
43 4        0.243026858
43 69       0.0870980276
43 28       0.0108417099
43 90        0.490171079
43 120       0.0343341737
43 81        0.156173502
43 48        0.252018581
43 32        0.139896248
43 43                  0
44 60         0.73488095
44 9        0.384279391
44 11         0.14597252
44 10        0.530819466
44 71        0.239841037
44 82        0.132457956
44 44                  0
45 72       0.0999648598
45 49        0.057663156
45 86        0.322706037
45 58        0.699456463
45 93         0.37839152
45 45                  0
46 105        0.205158693
46 106        0.203725682
46 34        0.128842373
46 42        0.569739039
46 39        0.538649953
46 83        0.122760449
46 91        0.466699067
46 75        0.615532948
46 74        0.252898526
46 77        0.602537563
46 52         0.18926853
46 20        0.215790674
46 19        0.571917951
46 18        0.424157542
46 46                  0
47 11        0.386419029
47 12        0.443712837
47 79       0.0711206981
47 82        0.266376298
47 119       0.0709588405
47 99        0.419919222
47 47                  0
48 28        0.467537497
48 43        0.252018581
48 90       0.0632358472
48 108        0.250094768
48 81        0.617278622
48 32        0.706021948
48 72         0.26397445
48 49        0.410883173
48 48                  0
49 28         0.26047171
49 108         0.16482665
49 81        0.312965223
49 48        0.410883173
49 32        0.389964998
49 117        0.130124985
49 72        0.620839692
49 86        0.297253249
49 58        0.226883342
49 45        0.057663156
49 49                  0
50 64        0.290451748
50 8        0.149780043
50 7        0.376884878
50 96        0.629655913
50 62        0.438299693
50 125        0.229486128
50 87       0.0693802784
50 50                  0
51 35        0.301936191
51 2892        0.353283851
51 136        0.121335153
51 124        0.227214786
51 51                  0
52 113       0.0681677746
52 112        0.322039751
52 105        0.170561669
52 39        0.566983443
52 40        0.556442955
52 85        0.229386294
52 84        0.551579058
52 83        0.682626988
52 91        0.430554114
52 77        0.493636484
52 53        0.496479918
52 46         0.18926853
52 21        0.274647476
52 20        0.391505428
52 19        0.111886856
52 52                  0
53 116       0.0365263445
53 113         0.31164876
53 112        0.205333695
53 39        0.101860985
53 40         0.64467515
53 38         0.19799165
53 94        0.207952637
53 85        0.625183506
53 84        0.632446419
53 83        0.377801177
53 54        0.273474517
53 52        0.496479918
53 68       0.0745918733
53 55        0.027244954
53 22        0.259780127
53 21        0.420180124
53 20        0.100909308
53 53                  0
54 116        0.394621015
54 115        0.243909744
54 113        0.185525973
54 95         0.49639413
54 40       0.0112426723
54 38        0.601011893
54 94        0.692881696
54 85        0.435878856
54 84       0.0691334938
54 65          0.2926479
54 53        0.273474517
54 68        0.783826205
54 55        0.681673372
54 23        0.207576259
54 22        0.268665255
54 155       0.0308932373
54 54                  0
55 116        0.140923423
55 115        0.190312579
55 95        0.473421481
55 38        0.701214877
55 94         0.41996171
55 85         0.12559879
55 65        0.443681703
55 54        0.681673372
55 53        0.027244954
55 68        0.861577599
55 41        0.249241365
55 23        0.491788343
55 22        0.296982268
55 1       0.0897455949
55 55                  0
56 70        0.128425307
56 2        0.059680445
56 4        0.444980283
56 69         0.60332169
56 139       0.0186907796
56 110       0.0763903219
56 43        0.359835545
56 90        0.202496191
56 56                  0
57 122        0.186085839
57 102        0.216593504
57 103         0.37171942
57 104        0.509812803
57 78        0.409209216
57 59        0.204694581
57 37        0.221101143
57 33        0.583222804
57 14        0.264375023
57 15       0.0634085641
57 151        0.113767303
57 57                  0
58 172      0.00352393865
58 117        0.218081441
58 72        0.362168926
58 49        0.226883342
58 86        0.623242442
58 131        0.185723151
58 93        0.579594044
58 45        0.699456463
58 58                  0
59 114        0.157245544
59 102        0.400382159
59 103        0.240242819
59 104       0.0370190135
59 80        0.574925226
59 57        0.204694581
59 61        0.149563807
59 36        0.533293513
59 33        0.167911254
59 27       0.0440607331
59 13          0.3629398
59 144      0.00177844566
59 59                  0
60 44         0.73488095
60 9         0.21657423
60 11         0.03240826
60 10        0.327000309
60 71        0.502540481
60 82        0.290604076
60 89        0.183489615
60 60                  0
61 67        0.144614466
61 114        0.392024854
61 80        0.332980422
61 59        0.149563807
61 36        0.307053883
61 26        0.230036337
61 27        0.202304183
61 126       0.0383027004
61 61                  0
62 156        0.085796732
62 165        0.159926099
62 50        0.438299693
62 66        0.405599245
62 29        0.191199685
62 7        0.120346855
62 96        0.376735141
62 101        0.468810851
62 125        0.510819444
62 118        0.332034497
62 62                  0
63 143        0.182013544
63 166       0.0164965342
63 157       0.0337202926
63 156      0.00545996319
63 70        0.307343625
63 66        0.518316012
63 29         0.28484696
63 3         0.38720535
63 2       0.0441271544
63 5        0.370874502
63 101        0.420691709
63 118        0.272384858
63 111        0.500932721
63 110       0.0977800441
63 63                  0
64 50        0.290451748
64 8        0.555516968
64 96        0.294930612
64 89       0.0488751719
64 87        0.569422039
64 128       0.0427926563
64 64                  0
65 116        0.110249894
65 97        0.161254921
65 115        0.516766723
65 100        0.549482732
65 95         0.65940806
65 38        0.145677398
65 94        0.246187168
65 54          0.2926479
65 68        0.471140847
65 55        0.443681703
65 41        0.594479942
65 23        0.131118549
65 1        0.123155045
65 142        0.169977602
65 129        0.266676413
65 65                  0
66 156       0.0758111043
66 165      0.00108400752
66 63        0.518316012
66 29        0.569044465
66 3       0.0682793131
66 5        0.292225879
66 6        0.236367845
66 101        0.686545301
66 62        0.405599245
66 125       0.0124906645
66 118        0.412420993
66 111        0.230431146
66 66                  0
67 88        0.139721411
67 61        0.144614466
67 25       0.0833298456
67 26         0.22460466
67 164        0.250052703
67 127        0.262767033
67 67                  0
68 116         0.27911827
68 115        0.297959239
68 100       0.0401178201
68 95        0.579369339
68 38        0.623644974
68 94        0.554673429
68 85        0.220162205
68 65        0.471140847
68 54        0.783826205
68 53       0.0745918733
68 55        0.861577599
68 41        0.205605007
68 23        0.353376455
68 22        0.227461609
68 68                  0
69 140        0.338101648
69 158       0.0589240856
69 70        0.251606519
69 56         0.60332169
69 4       0.0621509637
69 139        0.406360483
69 110           0.374424
69 43       0.0870980276
69 90        0.160568163
69 69                  0
70 143       0.0193316303
70 158       0.0817152117
70 157       0.0605461023
70 63        0.307343625
70 56        0.128425307
70 3        0.320263282
70 2        0.384749264
70 69        0.251606519
70 139         0.21857334
70 111        0.234792053
70 110        0.584211539
70 70                  0
71 180        0.142350614
71 162        0.302752862
71 60        0.502540481
71 44        0.239841037
71 82        0.277004121
71 89         0.58641367
71 185        0.148745349
71 133        0.185235481
71 128        0.135023688
71 71                  0
72 108        0.427137691
72 81        0.385909378
72 48         0.26397445
72 32        0.116656759
72 117        0.509119118
72 171        0.028741645
72 49        0.620839692
72 132        0.265126701
72 86        0.601127952
72 58        0.362168926
72 93        0.193749679
72 45       0.0999648598
72 72                  0
73 97        0.390892386
73 100       0.0814063482
73 35        0.204479509
73 41       0.0534769051
73 31        0.487313165
73 134        0.094053385
73 121        0.364803747
73 130        0.236418834
73 73                  0
74 76        0.335165917
74 123         0.13211749
74 106        0.440967594
74 107        0.582662342
74 109        0.255532481
74 30       0.0747153328
74 34        0.508439846
74 42        0.474956569
74 75        0.533865718
74 77       0.0117232452
74 46        0.252898526
74 18        0.116286612
74 17        0.107418126
74 149        0.115172119
74 148       0.0340810594
74 74                  0
75 105         0.36507336
75 106        0.575676288
75 107        0.308938763
75 34        0.203560095
75 42        0.502423259
75 39        0.209040322
75 83       0.0241078813
75 91        0.461268668
75 74        0.533865718
75 77        0.475134875
75 46        0.615532948
75 19        0.199636233
75 18        0.185954371
75 149       0.0257785045
75 148        0.217287503
75 75                  0
76 92        0.592824642
76 78        0.095276728
76 123        0.390414127
76 107        0.276214436
76 109        0.662894833
76 37        0.187064986
76 30        0.556332265
76 34        0.367525449
76 74        0.335165917
76 16        0.209254315
76 17        0.129430147
76 141        0.117300651
76 76                  0
77 112         0.21950118
77 105        0.494179653
77 106        0.216179642
77 42        0.185649179
77 39        0.605887309
77 40       0.0775249763
77 84        0.175908722
77 83        0.511997365
77 91        0.820888087
77 75        0.475134875
77 74       0.0117232452
77 52        0.493636484
77 46        0.602537563
77 20        0.220047419
77 19        0.301275433
77 18       0.0392659936
77 150        0.102272447
77 148        0.054632881
77 77                  0
78 122         0.62432021
78 103        0.117208837
78 104        0.436851673
78 92        0.461418364
78 76        0.095276728
78 57        0.409209216
78 109        0.106597189
78 37         0.39671515
78 33        0.106998792
78 30       0.0548414855
78 15       0.0200781686
78 179        0.132962205
78 141       0.0437894182
78 152        0.357011406
78 151        0.155433758
78 78                  0
79 88         0.32954578
79 99        0.272071167
79 47       0.0711206981
79 24         0.18393488
79 135         0.39525621
79 138        0.306089182
79 137        0.230336308
79 79                  0
80 114         0.57299065
80 102         0.51029867
80 103        0.246143838
80 59        0.574925226
80 61        0.332980422
80 36        0.291592561
80 126        0.171243998
80 144        0.283885995
80 80                  0
81 28       0.0884812852
81 43        0.156173502
81 90        0.199173814
81 108        0.618369446
81 48        0.617278622
81 32        0.327533028
81 117         0.18904779
81 72        0.385909378
81 49        0.312965223
81 132         0.25148043
81 86       0.0271514023
81 81                  0
82 162       0.0564392236
82 60        0.290604076
82 44        0.132457956
82 11        0.118702832
82 10       0.0517930693
82 71        0.277004121
82 119        0.422605877
82 99        0.240560411
82 47        0.266376298
82 133        0.324677024
82 82                  0
83 113        0.234809418
83 112        0.624935284
83 105        0.409424933
83 39        0.356942809
83 40        0.284986576
83 85        0.265404242
83 84        0.650070077
83 91        0.559352283
83 75       0.0241078813
83 77        0.511997365
83 53        0.377801177
83 52        0.682626988
83 46        0.122760449
83 20       0.0914979777
83 176       0.0599627815
83 153        0.208297476
83 150        0.285157362
83 83                  0
84 116       0.0713505903
84 113        0.516344485
84 112        0.572597539
84 105       0.0973857542
84 39        0.123341448
84 40        0.377790989
84 94        0.129192991
84 85        0.615334139
84 83        0.650070077
84 91        0.209425384
84 54       0.0691334938
84 77        0.175908722
84 53        0.632446419
84 52        0.551579058
84 21       0.0983086926
84 177       0.0748625711
84 154       0.0268316135
84 153        0.313902888
84 150        0.119436508
84 84                  0
85 116        0.399964902
85 113        0.639243813
85 112        0.284766414
85 95       0.0741427405
85 40        0.269898533
85 38        0.177443847
85 94        0.510440232
85 84        0.615334139
85 83        0.265404242
85 54        0.435878856
85 53        0.625183506
85 52        0.229386294
85 68        0.220162205
85 55         0.12559879
85 22       0.0638230564
85 21       0.0681790169
85 177        0.024027217
85 154        0.173066373
85 155        0.110521746
85 153        0.237095212
85 85                  0
86 172        0.258532059
86 108        0.199829925
86 81       0.0271514023
86 117        0.593855692
86 171        0.120942183
86 72        0.601127952
86 49        0.297253249
86 132        0.226104949
86 184       0.0266543593
86 58        0.623242442
86 182      0.00995832898
86 131        0.355805609
86 93        0.591926008
86 45        0.322706037
86 86                  0
87 146        0.334604875
87 180        0.111250597
87 64        0.569422039
87 50       0.0693802784
87 8        0.136739748
87 96        0.264579678
87 89        0.316154516
87 128        0.454877272
87 87                  0
88 163        0.194593747
88 67        0.139721411
88 79         0.32954578
88 25        0.186513147
88 164       0.0903438696
88 135        0.193921594
88 137        0.564487148
88 88                  0
89 146       0.0347552638
89 180        0.446621986
89 162        0.244082086
89 64       0.0488751719
89 60        0.183489615
89 71         0.58641367
89 87        0.316154516
89 185        0.315561189
89 128        0.538996093
89 89                  0
90 140     0.000694748702
90 56        0.202496191
90 69        0.160568163
90 195        0.144105224
90 43        0.490171079
90 120        0.544161987
90 108       0.0336790698
90 81        0.199173814
90 48       0.0632358472
90 90                  0
91 112        0.340910618
91 105        0.670128675
91 106        0.305219048
91 42        0.081039288
91 39         0.43648148
91 84        0.209425384
91 83        0.559352283
91 75        0.461268668
91 77        0.820888087
91 52        0.430554114
91 46        0.466699067
91 20       0.0573921021
91 19        0.127004228
91 175      0.00571613447
91 176       0.0431970685
91 150          0.2767637
91 148        0.206838502
91 91                  0
92 122        0.345376447
92 78        0.461418364
92 76        0.592824642
92 123        0.449432536
92 107        0.041253173
92 109        0.635384569
92 37        0.294236829
92 30        0.343927468
92 16       0.0298027431
92 179       0.0462945673
92 167       0.0213278671
92 141        0.338458326
92 152        0.264246454
92 92                  0
93 172        0.371059384
93 117        0.334589761
93 171      0.00649298347
93 72        0.193749679
93 184       0.0515555548
93 86        0.591926008
93 58        0.579594044
93 182        0.196978308
93 131        0.591134581
93 45         0.37839152
93 93                  0
94 116        0.701512026
94 115        0.403315271
94 113         0.39722039
94 95        0.559958467
94 38        0.294249423
94 85        0.510440232
94 84        0.129192991
94 65        0.246187168
94 54        0.692881696
94 53        0.207952637
94 68        0.554673429
94 55         0.41996171
94 192     0.000631559087
94 142        0.190838713
94 154        0.201283174
94 155        0.336507676
94 94                  0
95 116        0.450651866
95 115        0.716733147
95 100        0.371218556
95 38        0.203036181
95 94        0.559958467
95 85       0.0741427405
95 65         0.65940806
95 54         0.49639413
95 68        0.579369339
95 55        0.473421481
95 41         0.25764951
95 23       0.0107689045
95 193        0.017606623
95 192       0.0391828189
95 142        0.368666897
95 129        0.235452832
95 155        0.201039163
95 95                  0
96 145       0.0542231642
96 146       0.0560280461
96 64        0.294930612
96 50        0.629655913
96 7      0.00688898471
96 62        0.376735141
96 125        0.447194167
96 87        0.264579678
96 96                  0
97 115       0.0785201423
97 100        0.582031111
97 73        0.390892386
97 65        0.161254921
97 41        0.184341639
97 31       0.0403376035
97 216       0.0276192649
97 213        0.117158257
97 173        0.285051977
97 174        0.358641419
97 189        0.016698998
97 181        0.160824179
97 121        0.334924902
97 130         0.63544033
97 129        0.493121547
97 97                  0
98 169        0.144104225
98 161        0.270946272
98 98                  0
99 79        0.272071167
99 82        0.240560411
99 119        0.474116235
99 47        0.419919222
99 133       0.0288501614
99 183        0.130785131
99 135        0.128279683
99 138        0.512694345
99 99                  0
100 97        0.582031111
100 115        0.468390862
100 95        0.371218556
100 73       0.0814063482
100 65        0.549482732
100 68       0.0401178201
100 41         0.40908273
100 173        0.291045405
100 174        0.128242981
100 193        0.117902117
100 130        0.279643897
100 142        0.277449928
100 129        0.639783595
100 100                  0
101 143        0.192458981
101 166        0.210614675
101 156        0.385467221
101 165        0.312137292
101 63        0.420691709
101 66        0.686545301
101 29         0.26104161
101 5      0.00567953446
101 62        0.468810851
101 125         0.22116315
101 118         0.72238807
101 111        0.373307842
101 101                  0
102 114        0.224449431
102 103        0.725262221
102 104         0.40507581
102 80         0.51029867
102 57        0.216593504
102 59        0.400382159
102 178        0.231576526
102 144        0.550655213
102 151        0.353242078
102 102                  0
103 122        0.183325121
103 102        0.725262221
103 104        0.674726009
103 80        0.246143838
103 78        0.117208837
103 57         0.37171942
103 59        0.240242819
103 33      0.00571722883
103 202       0.0417736174
103 178        0.392386378
103 144        0.431825091
103 151        0.571991825
103 103                  0
104 122        0.486421621
104 102         0.40507581
104 103        0.674726009
104 78        0.436851673
104 57        0.509812803
104 59       0.0370190135
104 33       0.0942203981
104 202      0.00847445792
104 178        0.367381217
104 179        0.139043723
104 144        0.147042342
104 152        0.256451261
104 151         0.60085759
104 104                  0
105 112        0.393587188
105 106         0.43796249
105 39        0.106783914
105 84       0.0973857542
105 83        0.409424933
105 91        0.670128675
105 75         0.36507336
105 77        0.494179653
105 52        0.170561669
105 46        0.205158693
105 203        0.152734546
105 175        0.322217921
105 176        0.328902815
105 149      0.00626076104
105 153         0.04263404
105 150         0.54134785
105 148        0.498315528
105 105                  0
106 105         0.43796249
106 107        0.532412478
106 42        0.124047948
106 91        0.305219048
106 75        0.575676288
106 74        0.440967594
106 77        0.216179642
106 46        0.203725682
106 203       0.0888340959
106 201        0.155765851
106 175        0.362216818
106 149        0.432303476
106 150       0.0790540843
106 148        0.587066806
106 106                  0
107 92        0.041253173
107 76        0.276214436
107 123        0.415994099
107 106        0.532412478
107 109        0.401010119
107 34        0.133575235
107 42       0.0681944014
107 75        0.308938763
107 74        0.582662342
107 205      0.00133931781
107 201        0.130833567
107 167        0.289907173
107 175        0.082367783
107 149         0.50163078
107 141       0.0942263416
107 148        0.236461277
107 107                  0
108 170        0.308364845
108 90       0.0336790698
108 120     0.000545256496
108 81        0.618369446
108 48        0.250094768
108 117        0.491695801
108 171        0.306358132
108 72        0.427137691
108 194         0.11284326
108 49         0.16482665
108 132        0.632972446
108 86        0.199829925
108 108                  0
109 122       0.0759761592
109 92        0.635384569
109 78        0.106597189
109 76        0.662894833
109 123        0.725603955
109 107        0.401010119
109 30        0.232589595
109 34       0.0992820346
109 74        0.255532481
109 205        0.034371126
109 167        0.285525589
109 149       0.0602797195
109 141        0.441342937
109 152        0.100198352
109 109                  0
110 198        0.042115581
110 143         0.21231409
110 140        0.176565938
110 158        0.483318573
110 157        0.352369551
110 70        0.584211539
110 63       0.0977800441
110 56       0.0763903219
110 69           0.374424
110 139        0.618089336
110 111        0.288712926
110 110                  0
111 199        0.070552792
111 143        0.679907884
111 158        0.205091245
111 166        0.472016922
111 157        0.512836601
111 156        0.341247672
111 165         0.12239064
111 70        0.234792053
111 63        0.500932721
111 66        0.230431146
111 101        0.373307842
111 139       0.0294702613
111 118        0.443558678
111 110        0.288712926
111 111                  0
112 113        0.437610321
112 105        0.393587188
112 85        0.284766414
112 84        0.572597539
112 83        0.624935284
112 91        0.340910618
112 77         0.21950118
112 53        0.205333695
112 52        0.322039751
112 206       0.0618756133
112 208         0.13270948
112 176        0.362345884
112 177        0.358672069
112 154        0.105217027
112 153        0.567239349
112 150        0.542989901
112 112                  0
113 116        0.481150796
113 112        0.437610321
113 94         0.39722039
113 85        0.639243813
113 84        0.516344485
113 83        0.234809418
113 54        0.185525973
113 53         0.31164876
113 52       0.0681677746
113 209       0.0888489701
113 197       0.0455541139
113 208        0.161990819
113 177        0.376402102
113 154        0.498108929
113 155        0.335334083
113 153        0.568811846
113 150       0.0601937088
113 113                  0
114 102        0.224449431
114 80         0.57299065
114 59        0.157245544
114 61        0.392024854
114 126        0.565066033
114 144        0.252367824
114 114                  0
115 116        0.444136318
115 97       0.0785201423
115 100        0.468390862
115 95        0.716733147
115 94        0.403315271
115 65        0.516766723
115 54        0.243909744
115 68        0.297959239
115 55        0.190312579
115 41        0.129812153
115 219        0.066203437
115 220       0.0531038992
115 197       0.0391351246
115 173        0.206157784
115 193        0.299547278
115 192        0.279192582
115 142        0.639429299
115 129         0.46406413
115 154       0.0196556709
115 155        0.331567222
115 115                  0
116 115        0.444136318
116 113        0.481150796
116 95        0.450651866
116 94        0.701512026
116 85        0.399964902
116 84       0.0713505903
116 65        0.110249894
116 54        0.394621015
116 53       0.0365263445
116 68         0.27911827
116 55        0.140923423
116 220       0.0479139704
116 209       0.0861633864
116 197        0.236373035
116 193       0.0362562543
116 192         0.26883282
116 142        0.373538508
116 177       0.0535007863
116 154        0.470471277
116 155        0.633854584
116 153        0.147848367
116 116                  0
117 172        0.416202665
117 170        0.130960968
117 108        0.491695801
117 81         0.18904779
117 171        0.499378481
117 72        0.509119118
117 194        0.193951143
117 225       0.0271968882
117 49        0.130124985
117 132        0.627875933
117 184        0.316711625
117 218       0.0586033643
117 86        0.593855692
117 58        0.218081441
117 182        0.151971194
117 131        0.355806915
117 93        0.334589761
117 117                  0
118 199        0.101174821
118 143        0.374057534
118 166        0.461169763
118 157        0.113678366
118 156        0.662903162
118 165        0.559816104
118 63        0.272384858
118 66        0.412420993
118 101         0.72238807
118 62        0.332034497
118 125        0.273576821
118 111        0.443558678
118 118                  0
119 162        0.124239074
119 82        0.422605877
119 99        0.474116235
119 47       0.0709588405
119 133        0.549401319
119 183        0.161376289
119 3085        0.257356166
119 138        0.284273336
119 119                  0
120 227       0.0663518878
120 214        0.178801421
120 223        0.278531083
120 226        0.106005194
120 140        0.149845374
120 195        0.599941978
120 170        0.144653451
120 43       0.0343341737
120 90        0.544161987
120 108     0.000545256496
120 120                  0
121 97        0.334924902
121 73        0.364803747
121 35       0.0612768805
121 244       0.0855917175
121 213        0.263966073
121 238        0.171531123
121 221        0.284626662
121 222        0.171928807
121 168        0.431867606
121 174        0.291777842
121 189        0.541909923
121 188        0.122560234
121 181         0.51919998
121 134        0.495151977
121 130        0.544650606
121 121                  0
122 103        0.183325121
122 104        0.486421621
122 92        0.345376447
122 78         0.62432021
122 57        0.186085839
122 123       0.0628313774
122 109       0.0759761592
122 37        0.028196384
122 204       0.0905154514
122 178        0.240428506
122 179        0.502602998
122 141        0.243530737
122 152        0.709919038
122 151         0.39923947
122 122                  0
123 122       0.0628313774
123 92        0.449432536
123 76        0.390414127
123 107        0.415994099
123 109        0.725603955
123 74         0.13211749
123 205        0.308594592
123 179       0.0519918167
123 167        0.554700991
123 149        0.227373251
123 141        0.653367235
123 152        0.172872451
123 123                  0
124 51        0.227214786
124 200        0.185493179
124 253      0.00567814564
124 231        0.130022947
124 232        0.282412916
124 187        0.558260016
124 186        0.414779324
124 188       0.0893372123
124 147         0.60219325
124 159        0.315727196
124 136        0.512113119
124 124                  0
125 145        0.418833666
125 156        0.215418675
125 165        0.399741466
125 50        0.229486128
125 66       0.0124906645
125 96        0.447194167
125 101         0.22116315
125 62        0.510819444
125 118        0.273576821
125 125                  0
126 114        0.565066033
126 80        0.171243998
126 61       0.0383027004
126 190        0.131596278
126 215         0.41346296
126 127        0.210022233
126 144        0.209595413
126 126                  0
127 67        0.262767033
127 215       0.0566475067
127 284       0.0100716072
127 196        0.243657221
127 164        0.631209185
127 126        0.210022233
127 127                  0
128 146        0.484938458
128 180        0.653440036
128 162       0.0667780129
128 64       0.0427926563
128 71        0.135023688
128 89        0.538996093
128 87        0.454877272
128 207       0.0542766077
128 185        0.361625184
128 128                  0
129 97        0.493121547
129 115         0.46406413
129 100        0.639783595
129 95        0.235452832
129 65        0.266676413
129 41        0.050810714
129 245       0.0231536706
129 216        0.254149923
129 219        0.247585021
129 220       0.0225472241
129 213       0.0998409177
129 173         0.64553243
129 174        0.377954783
129 193        0.447986882
129 192        0.163745735
129 130        0.379097209
129 142        0.483111139
129 129                  0
130 97         0.63544033
130 100        0.279643897
130 73        0.236418834
130 250       0.0232634581
130 242        0.107118225
130 244      0.00524278327
130 216        0.266772778
130 213        0.463685821
130 238        0.267040452
130 221        0.181780632
130 168       0.0581101403
130 173          0.3696468
130 174        0.653116682
130 189        0.356031694
130 181        0.522157374
130 134       0.0449759079
130 121        0.544650606
130 129        0.379097209
130 130                  0
131 172        0.741007739
131 243       0.0550490829
131 117        0.355806915
131 171        0.257332967
131 194       0.0114199609
131 132        0.107203632
131 184        0.406394188
131 218        0.201911618
131 86        0.355805609
131 58        0.185723151
131 182         0.60575699
131 217        0.250725225
131 93        0.591134581
131 131                  0
132 241       0.0423931126
132 226        0.116576015
132 172        0.271266677
132 170        0.498824771
132 108        0.632972446
132 81         0.25148043
132 117        0.627875933
132 171        0.673297204
132 72        0.265126701
132 194        0.453186921
132 225        0.295782571
132 184        0.359000914
132 218        0.154541205
132 86        0.226104949
132 182       0.0495885512
132 131        0.107203632
132 132                  0
133 162        0.573479672
133 71        0.185235481
133 82        0.324677024
133 119        0.549401319
133 99       0.0288501614
133 212        0.239509235
133 185        0.161800231
133 3085        0.281541013
133 133                  0
134 73        0.094053385
134 35        0.293319271
134 244       0.0205662174
134 221        0.180399579
134 222         0.24171524
134 224        0.215170742
134 231       0.0266922401
134 168        0.676581869
134 186        0.235501219
134 189        0.390147803
134 188        0.460333812
134 181        0.208731206
134 136        0.469716031
134 121        0.495151977
134 130       0.0449759079
134 134                  0
135 163        0.312735371
135 88        0.193921594
135 79         0.39525621
135 99        0.128279683
135 233         0.20382374
135 183        0.349910032
135 191        0.492594666
135 138        0.536170246
135 137        0.464050553
135 135                  0
136 51        0.121335153
136 35           0.113071
136 222       0.0735979249
136 224        0.248102352
136 231         0.31272673
136 232        0.158589068
136 168        0.399717002
136 187        0.354620198
136 186         0.62818609
136 189      0.00250241966
136 188        0.505532856
136 147         0.15306632
136 124        0.512113119
136 134        0.469716031
136 136                  0
137 163        0.608792856
137 88        0.564487148
137 79        0.230336308
137 233       0.0321381975
137 191        0.118881932
137 196       0.0392320294
