0 3085 natregimes POLY_ID
1 65         1.28525829
1 55         1.33422906
1 41        0.797160895
1 31         1.23742946
1 23         0.91011146
2 70        0.901819763
2 63         1.40109548
2 56         1.37829784
2 3         0.66594555
2 4         1.22479416
2 5         1.24478193
3 70        0.996341767
3 63        0.898219691
3 66         1.36569382
3 29         1.25956983
3 2         0.66594555
3 5        0.597218977
3 6          1.4333713
4 56         0.81353458
4 2         1.22479416
4 69         1.37467661
4 43         1.10955306
5 63        0.922157056
5 66         1.03743832
5 29        0.715374599
5 3        0.597218977
5 2         1.24478193
5 6        0.836588177
5 101         1.45745107
6 66         1.11931369
6 29        0.489321038
6 3          1.4333713
6 5        0.836588177
6 7         1.08594643
7 50        0.913347192
7 8         1.37620399
7 29         1.21666468
7 6         1.08594643
7 96         1.45567829
7 62         1.28937447
8 64         0.65151256
8 50         1.24623201
8 7         1.37620399
8 9          1.1326237
8 87         1.26534616
9 60         1.14832669
9 44        0.902508491
9 8          1.1326237
9 10         1.30052081
10 60        0.986466795
10 44        0.687713566
10 9         1.30052081
10 11        0.676616671
10 82         1.38985896
11 60         1.41827275
11 44         1.25181298
11 10        0.676616671
11 12        0.917774622
11 82         1.29178424
11 47        0.899372261
12 11        0.917774622
12 47        0.815392372
12 24         1.16705752
13 59        0.933787552
13 36         0.66948064
13 33         1.09048338
13 27         1.04503942
13 14         1.02352879
14 57         1.07826144
14 37         1.28900138
14 33        0.469281936
14 13         1.02352879
14 15         0.97327746
15 78          1.4363459
15 57         1.37283325
15 37         0.61095389
15 33         1.06371252
15 30         1.12946997
15 16        0.859069425
15 14         0.97327746
16 92         1.42209185
16 76         1.15905605
16 37        0.866707061
16 30        0.510349122
16 34         1.13027804
16 15        0.859069425
16 17        0.826732093
17 76          1.2760604
17 30        0.904336376
17 34        0.588614187
17 42         1.01512235
17 74         1.30832509
17 18        0.990621196
17 16        0.826732093
18 34        0.955547813
18 42        0.536184998
18 39         1.22794515
18 75         1.19320855
18 74         1.29532588
18 77         1.40822085
18 46        0.844056054
18 20         1.38460894
18 19        0.604749145
18 17        0.990621196
19 34         1.46243893
19 42        0.850410104
19 39         0.66864752
19 91         1.27961625
19 75           1.173154
19 77          1.0241737
19 52         1.30177493
19 46        0.627472393
19 20        0.790404399
19 18        0.604749145
20 39        0.569265204
20 40        0.842837797
20 83         1.33166046
20 91         1.38165203
20 77         1.14323577
20 53         1.31786556
20 52         0.89191674
20 46         1.14947521
20 21        0.914153169
20 19        0.790404399
20 18         1.38460894
21 39          1.2789908
21 40        0.433689572
21 38         1.25375807
21 85         1.36584083
21 84         1.32167748
21 53        0.849886059
21 52         1.06320432
21 22        0.763997126
21 20        0.914153169
22 40         1.02146283
22 38          0.5928531
22 85          1.3722257
22 54         1.07197292
22 53         1.08499653
22 68         1.13236823
22 55         1.03046652
22 23        0.969288727
22 21        0.763997126
23 95          1.4499912
23 38        0.690267604
23 65         1.27358558
23 54          1.1615157
23 68        0.947805273
23 55        0.744924449
23 41          1.1863314
23 22        0.969288727
23 1         0.91011146
24 12         1.16705752
24 79         1.19616867
24 25         1.05920877
25 88         1.19238951
25 67         1.34363311
25 24         1.05920877
25 26         1.25114309
26 67         1.13655588
26 61         1.12859426
26 25         1.25114309
26 27         1.19798885
27 59         1.40119283
27 61         1.16924338
27 36        0.718371653
27 26         1.19798885
27 13         1.04503942
28 43         1.44988448
28 81         1.33608226
28 48        0.780470758
28 32        0.350505571
28 49         1.08398282
29 63         1.04825416
29 66        0.631684281
29 3         1.25956983
29 5        0.715374599
29 7         1.21666468
29 6        0.489321038
29 101         1.08314747
29 62         1.18552009
30 92        0.961655372
30 78         1.38539067
30 76        0.650317518
30 109         1.12485175
30 37        0.815803829
30 34         0.90250616
30 74         1.35626006
30 16        0.510349122
30 15         1.12946997
30 17        0.904336376
31 97         1.40665011
31 73        0.751484059
31 35         1.46098534
31 41         1.18738406
31 1         1.23742946
32 28        0.350505571
32 43         1.26071944
32 81        0.985685948
32 48        0.430905974
32 72         1.29478332
32 49        0.894174666
33 103         1.45739582
33 104            1.32767
33 78         1.30893974
33 57        0.610902011
33 59         1.21965571
33 37         1.13593252
33 13         1.09048338
33 14        0.469281936
33 15         1.06371252
34 76        0.927066017
34 107         1.26998463
34 109         1.32025078
34 30         0.90250616
34 42        0.661568167
34 75          1.1674025
34 74        0.720517077
34 46         1.27692194
34 19         1.46243893
34 18        0.955547813
34 16         1.13027804
34 17        0.588614187
35 73         1.16605484
35 51         1.02320518
35 31         1.46098534
35 136         1.30003924
35 134         1.03583565
35 121         1.37595782
36 80         1.03836662
36 59        0.684087168
36 61         1.01570379
36 27        0.718371653
36 13         0.66948064
37 122         1.42444642
37 92         1.03449072
37 78        0.884280454
37 76         1.19158063
37 57         1.14169125
37 33         1.13593252
37 30        0.815803829
37 16        0.866707061
37 14         1.28900138
37 15         0.61095389
38 95         1.16817044
38 40          1.3587206
38 94         1.03447226
38 85         1.20568307
38 65         1.25224557
38 54        0.584827192
38 53         1.17556459
38 68        0.551652164
38 55        0.437952062
38 23        0.690267604
38 22          0.5928531
38 21         1.25375807
39 105          1.3092547
39 42         1.25194492
39 40         1.00891793
39 84         1.28498507
39 83        0.942577798
39 91        0.825991922
39 75         1.15936971
39 77        0.577680924
39 53         1.31647061
39 52        0.634705277
39 46        0.676235827
39 21          1.2789908
39 20        0.569265204
39 19         0.66864752
39 18         1.22794515
40 39         1.00891793
40 38          1.3587206
40 85         1.07016521
40 84        0.912019036
40 83         1.04804952
40 54         1.44929676
40 77         1.35214175
40 53        0.520826637
40 52        0.650155271
40 22         1.02146283
40 21        0.433689572
40 20        0.842837797
41 97         1.19557245
41 115         1.27550046
41 100        0.866152352
41 95         1.08811953
41 73         1.38739084
41 65        0.594401569
41 68         1.16440512
41 55         1.10044399
41 31         1.18738406
41 23          1.1863314
41 1        0.797160895
41 129         1.39129887
42 106          1.2839495
42 107         1.36581828
42 34        0.661568167
42 39         1.25194492
42 91         1.34699056
42 75        0.729336045
42 74        0.769596061
42 77         1.19365589
42 46         0.63066619
42 19        0.850410104
42 18        0.536184998
42 17         1.01512235
43 56        0.938337694
43 4         1.10955306
43 69          1.3381098
43 28         1.44988448
43 90        0.747294996
43 120         1.41544979
43 81         1.23686063
43 48         1.09637321
43 32         1.26071944
44 60        0.388605141
44 9        0.902508491
44 11         1.25181298
44 10        0.687713566
44 71         1.11422276
44 82         1.27162231
45 72         1.31924991
45 49         1.38125473
45 86        0.992761235
45 58        0.440529504
45 93        0.911138791
46 105         1.16505931
46 106         1.16715979
46 34         1.27692194
46 42         0.63066619
46 39        0.676235827
46 83         1.28583668
46 91        0.781699708
46 75        0.563542578
46 74         1.09508341
46 77        0.582590901
46 52         1.18835073
46 20         1.14947521
46 19        0.627472393
46 18        0.844056054
47 11        0.899372261
47 12        0.815392372
47 79         1.36152899
47 82         1.07532802
47 119         1.36176623
47 99        0.850268482
48 28        0.780470758
48 43         1.09637321
48 90         1.37308641
48 108         1.09919309
48 81         0.56098381
48 32        0.430905974
48 72         1.07884859
48 49        0.863513307
49 28         1.08398282
49 108         1.22417705
49 81         1.00703909
49 48        0.863513307
49 32        0.894174666
49 117         1.27504192
49 72         0.55576408
49 86         1.03006932
49 58         1.13321584
49 45         1.38125473
50 64          1.0400388
50 8         1.24623201
50 7        0.913347192
50 96        0.542841475
50 62        0.823326829
50 125         1.12940074
50 87         1.36408005
51 35         1.02320518
51 2892         0.94794101
51 136         1.28792584
51 124         1.13273002
52 113         1.36585731
52 112        0.993737862
52 105          1.2157708
52 39        0.634705277
52 40        0.650155271
52 85         1.12954708
52 84        0.657284655
52 83        0.465197744
52 91        0.834680113
52 77        0.742215489
52 53        0.738047652
52 46         1.18835073
52 21         1.06320432
52 20         0.89191674
52 19         1.30177493
53 116         1.41223656
53 113         1.00896873
53 112          1.1648028
53 39         1.31647061
53 40        0.520826637
53 38         1.17556459
53 94         1.16096402
53 85        0.549397022
53 84        0.538751217
53 83        0.912004103
53 54         1.06492362
53 52        0.738047652
53 68         1.35644102
53 55           1.425841
53 22         1.08499653
53 21        0.849886059
53 20         1.31786556
54 116        0.887349988
54 115         1.10825895
54 113         1.19383648
54 95        0.738173397
54 40         1.44929676
54 38        0.584827192
54 94         0.45016664
54 85        0.826875234
54 84         1.36444178
54 65         1.03681973
54 53         1.06492362
54 68        0.316862361
54 55        0.466595532
54 23          1.1615157
54 22         1.07197292
54 155         1.42049343
55 116         1.25921383
55 115         1.18682039
55 95        0.771846156
55 38        0.437952062
55 94        0.850206204
55 85         1.28167631
55 65        0.815438007
55 54        0.466595532
55 53           1.425841
55 68        0.202896234
55 41         1.10044399
55 23        0.744924449
55 22         1.03046652
55 1         1.33422906
56 70         1.27753327
56 2         1.37829784
56 4         0.81353458
56 69        0.581441547
56 139          1.4383795
56 110          1.3538049
56 43        0.938337694
56 90         1.16896194
57 122         1.19301584
57 102         1.14829844
57 103        0.920918596
57 104        0.718504628
57 78        0.865966952
57 59          1.1657396
57 37         1.14169125
57 33        0.610902011
57 14         1.07826144
57 15         1.37283325
57 151         1.29901862
58 172          1.4606107
58 117         1.14611746
58 72         0.93491748
58 49         1.13321584
58 86        0.552242187
58 131         1.19354746
58 93         0.61622096
58 45        0.440529504
59 114         1.23528926
59 102        0.878905441
59 103         1.11363384
59 104         1.41151442
59 80        0.623064402
59 57          1.1657396
59 61         1.24654896
59 36        0.684087168
59 33         1.21965571
59 27         1.40119283
59 13        0.933787552
59 144          1.4631692
60 44        0.388605141
60 9         1.14832669
60 11         1.41827275
60 10        0.986466795
60 71        0.729164224
60 82         1.03981552
60 89         1.19682133
61 67         1.25380359
61 114        0.891155378
61 80        0.977701289
61 59         1.24654896
61 36         1.01570379
61 26         1.12859426
61 27         1.16924338
61 126         1.40963282
62 156         1.34001721
62 165         1.23136016
62 50        0.823326829
62 66        0.871258361
62 29         1.18552009
62 7         1.28937447
62 96        0.913566672
62 101        0.778604305
62 125        0.717029118
62 118        0.979087804
63 143         1.19898492
63 166         1.44159578
63 157          1.4163496
63 156         1.45777292
63 70         1.01527909
63 66         0.70604083
63 29         1.04825416
63 3        0.898219691
63 2         1.40109548
63 5        0.922157056
63 101         0.84913619
63 118         1.06652081
63 111         0.73152084
63 110         1.32245236
64 50          1.0400388
64 8         0.65151256
64 96         1.03347379
64 89         1.39413595
64 87        0.631130842
64 128         1.40305155
65 116         1.30417435
65 97         1.22941241
65 115         0.70831174
65 100        0.660357398
65 95        0.499231491
65 38         1.25224557
65 94         1.10492076
65 54         1.03681973
65 68        0.775189054
65 55        0.815438007
65 41        0.594401569
65 23         1.27358558
65 1         1.28525829
65 142         1.21662691
65 129         1.07488811
66 156          1.3546539
66 165         1.46418709
66 63         0.70604083
66 29        0.631684281
66 3         1.36569382
66 5         1.03743832
66 6         1.11931369
66 101        0.459454374
66 62        0.871258361
66 125         1.44746748
66 118        0.861259207
66 111         1.12801556
67 88         1.26097571
67 61         1.25380359
67 25         1.34363311
67 26         1.13655588
67 164         1.09925475
67 127         1.08061839
68 116         1.05665114
68 115          1.0290345
68 100         1.40697226
68 95        0.616550328
68 38        0.551652164
68 94           0.652749
68 85         1.14306752
68 65        0.775189054
68 54        0.316862361
68 53         1.35644102
68 55        0.202896234
68 41         1.16440512
68 23        0.947805273
68 22         1.13236823
69 140        0.970194718
69 158         1.37940649
69 70          1.0969772
69 56        0.581441547
69 4         1.37467661
69 139        0.870142556
69 110        0.916954288
69 43          1.3381098
69 90         1.23041904
70 143         1.43744016
70 158          1.3459998
70 157         1.37702898
70 63         1.01527909
70 56         1.27753327
70 3        0.996341767
70 2        0.901819763
70 69          1.0969772
70 139         1.14539644
70 111         1.12162344
70 110        0.609452747
71 180         1.25712189
71 162         1.02200812
71 60        0.729164224
71 44         1.11422276
71 82         1.05975001
71 89        0.606224916
71 185         1.24774864
71 133         1.19426228
71 128         1.26786152
72 108        0.839687824
72 81        0.900119295
72 48         1.07884859
72 32         1.29478332
72 117        0.719521416
72 171         1.42364719
72 49         0.55576408
72 132         1.07715964
72 86        0.584657075
72 58         0.93491748
72 93         1.18178237
72 45         1.31924991
73 97        0.892815323
73 100         1.34645253
73 35         1.16605484
73 41         1.38739084
73 31        0.751484059
73 134         1.32791481
73 121        0.931055423
73 130         1.11923895
74 76        0.974497843
74 123         1.27212135
74 106        0.819416284
74 107        0.611723523
74 109         1.09122262
74 30         1.35626006
74 34        0.720517077
74 42        0.769596061
74 75        0.683248444
74 77         1.44859235
74 46         1.09508341
74 18         1.29532588
74 17         1.30832509
74 149         1.29695947
74 148          1.4158208
75 105        0.930660231
75 106        0.621963514
75 107         1.01294098
75 34          1.1674025
75 42        0.729336045
75 39         1.15936971
75 83         1.43043925
75 91        0.789659458
75 74        0.683248444
75 77        0.769334703
75 46        0.563542578
75 19           1.173154
75 18         1.19320855
75 149         1.42799049
75 148         1.14728119
76 92        0.596827867
76 78         1.32612166
76 123        0.893516343
76 107         1.06090751
76 109        0.494120664
76 37         1.19158063
76 30        0.650317518
76 34        0.927066017
76 74        0.974497843
76 16         1.15905605
76 17          1.2760604
76 141         1.29383952
77 112         1.14403644
77 105        0.741419325
77 106         1.14890507
77 42         1.19365589
77 39        0.577680924
77 40         1.35214175
77 84         1.20793322
77 83         0.71530255
77 91        0.262537943
77 75        0.769334703
77 74         1.44859235
77 52        0.742215489
77 46        0.582590901
77 20         1.14323577
77 19          1.0241737
77 18         1.40822085
77 150          1.3158675
77 148         1.38569643
78 122        0.550662419
78 103          1.2939741
78 104        0.825449303
78 92        0.789440036
78 76         1.32612166
78 57        0.865966952
78 109          1.3095284
78 37        0.884280454
78 33         1.30893974
78 30         1.38539067
78 15          1.4363459
78 179         1.27088319
78 141         1.40159052
78 152         0.94247725
78 151         1.23794493
79 88        0.982735704
79 99         1.06698061
79 47         1.36152899
79 24         1.19616867
79 135        0.886418934
79 138         1.01711782
79 137         1.12815457
80 114        0.625900057
80 102        0.717792456
80 103         1.10498427
80 59        0.623064402
80 61        0.977701289
80 36         1.03836662
80 126         1.21477066
80 144         1.04966272
81 28         1.33608226
81 43         1.23686063
81 90          1.1738318
81 108        0.559384907
81 48         0.56098381
81 32        0.985685948
81 117         1.18867429
81 72        0.900119295
81 49         1.00703909
81 132         1.09716202
81 86         1.42597813
82 162         1.38304874
82 60         1.03981552
82 44         1.27162231
82 11         1.29178424
82 10         1.38985896
82 71         1.05975001
82 119        0.846330448
82 99         1.11316832
82 47         1.07532802
82 133         0.98987221
83 113         1.12159799
83 112        0.549760859
83 105         0.86565076
83 39        0.942577798
83 40         1.04804952
83 85         1.07675283
83 84        0.512918882
83 91        0.645890848
83 75         1.43043925
83 77         0.71530255
83 53        0.912004103
83 52        0.465197744
83 46         1.28583668
83 20         1.33166046
83 176         1.37788399
83 153         1.16045856
83 150         1.04779918
84 116         1.36119202
84 113        0.708930646
84 112         0.62647627
84 105          1.3230303
84 39         1.28498507
84 40        0.912019036
84 94         1.27640801
84 85        0.563833986
84 83        0.512918882
84 91          1.1588053
84 54         1.36444178
84 77         1.20793322
84 53        0.538751217
84 52        0.657284655
84 21         1.32167748
84 177         1.35604424
84 154         1.42644686
84 153         1.00566468
84 150         1.29070883
85 116        0.879517046
85 113        0.528787761
85 112         1.04837222
85 95         1.35709935
85 40         1.07016521
85 38         1.20568307
85 94        0.717584959
85 84        0.563833986
85 83         1.07675283
85 54        0.826875234
85 53        0.549397022
85 52         1.12954708
85 68         1.14306752
85 55         1.28167631
85 22          1.3722257
85 21         1.36584083
85 177         1.43055748
85 154         1.21209946
85 155         1.30377588
85 153         1.11824753
86 172         1.08682591
86 108         1.17287009
86 81         1.42597813
86 117        0.595316579
86 171         1.28850185
86 72        0.584657075
86 49         1.03006932
86 132         1.13435679
86 184         1.42670668
86 58        0.552242187
86 182         1.45117932
86 131        0.944244677
86 93        0.598145064
86 45        0.992761235
87 146        0.975320204
87 180         1.30270754
87 64        0.631130842
87 50         1.36408005
87 8         1.26534616
87 96         1.07796146
87 89          1.0023643
87 128        0.799027811
88 163         1.18054516
88 67         1.26097571
88 79        0.982735704
88 25         1.19238951
88 164         1.33335212
88 135         1.18153038
88 137        0.638364286
89 146         1.41483257
89 180        0.811128212
89 162         1.10800634
89 64         1.39413595
89 60         1.19682133
89 71        0.606224916
89 87          1.0023643
89 185         1.00323398
89 128        0.675728463
90 140         1.46475765
90 56         1.16896194
90 69         1.23041904
90 195         1.25455002
90 43        0.747294996
90 120         0.66815642
90 108         1.41641003
90 81          1.1738318
90 48         1.37308641
91 112        0.966077397
91 105        0.483517471
91 106         1.01839324
91 42         1.34699056
91 39        0.825991922
91 84          1.1588053
91 83        0.645890848
91 75        0.789659458
91 77        0.262537943
91 52        0.834680113
91 46        0.781699708
91 20         1.38165203
91 19         1.27961625
91 175         1.45739743
91 176         1.40245877
91 150         1.06010241
91 148         1.16259709
92 122        0.959531492
92 78        0.789440036
92 76        0.596827867
92 123        0.807008575
92 107         1.40530809
92 109        0.534444548
92 37         1.03449072
92 30        0.961655372
92 16         1.42209185
92 179         1.39791853
92 167         1.43451412
92 141        0.969671908
92 152         1.07844989
93 172        0.921886061
93 117        0.975342358
93 171         1.45625874
93 72         1.18178237
93 184         1.39020711
93 86        0.598145064
93 58         0.61622096
93 182         1.17704992
93 131        0.599305118
93 45        0.911138791
94 116        0.437516509
94 115        0.874606156
94 113        0.883539886
94 95        0.645002318
94 38         1.03447226
94 85        0.717584959
94 84         1.27640801
94 65         1.10492076
94 54         0.45016664
94 53         1.16096402
94 68           0.652749
94 55        0.850206204
94 192         1.46485028
94 142         1.18604919
94 154         1.17073995
94 155        0.972531125
95 116        0.805221311
95 115        0.415205755
95 100        0.921652749
95 38         1.16817044
95 94        0.645002318
95 85         1.35709935
95 65        0.499231491
95 54        0.738173397
95 68        0.616550328
95 55        0.771846156
95 41         1.08811953
95 23          1.4499912
95 193         1.43996863
95 192         1.40834276
95 142        0.925392911
95 129         1.12065489
95 155         1.17109762
96 145         1.38629699
96 146         1.38365143
96 64         1.03347379
96 50        0.542841475
96 7         1.45567829
96 62        0.913566672
96 125        0.810289523
96 87         1.07796146
97 115         1.35068306
97 100        0.612648766
97 73        0.892815323
97 65         1.22941241
97 41         1.19557245
97 31         1.40665011
97 216         1.42529234
97 213         1.29404824
97 173         1.04795365
97 174        0.940088016
97 189         1.44129901
97 181         1.23004378
97 121        0.974851117
97 130        0.534362814
97 129        0.742970271
98 169         1.25455149
98 161         1.06862946
99 79         1.06698061
99 82         1.11316832
99 119        0.770827802
99 47        0.850268482
99 133         1.42348813
99 183         1.27407429
99 135         1.27774672
99 138        0.714280934
100 97        0.612648766
100 115        0.779219916
100 95        0.921652749
100 73         1.34645253
100 65        0.660357398
100 68         1.40697226
100 41        0.866152352
100 173         1.03916863
100 174         1.27780052
100 193         1.29295791
100 130         1.05588069
100 142         1.05909655
100 129        0.527996561
101 143         1.18367424
101 166         1.15706206
101 156        0.900767399
101 165         1.00825265
101 63         0.84913619
101 66        0.459454374
101 29         1.08314747
101 5         1.45745107
101 62        0.778604305
101 125         1.14160036
101 118        0.406916904
101 111        0.918590324
102 114         1.13678341
102 103        0.402704042
102 104          0.8720256
102 80        0.717792456
102 57         1.14829844
102 59        0.878905441
102 178         1.12633669
102 144        0.658638804
102 151        0.948002239
103 122         1.19706244
103 102        0.402704042
103 104        0.476778809
103 80         1.10498427
103 78          1.2939741
103 57        0.920918596
103 59         1.11363384
103 33         1.45739582
103 202         1.40454523
103 178        0.890625464
103 144        0.832817145
103 151         0.62736411
104 122        0.752790862
104 102          0.8720256
104 103        0.476778809
104 78        0.825449303
104 57        0.718504628
104 59         1.41151442
104 33            1.32767
104 202         1.45335434
104 178         0.92727743
104 179         1.26196905
104 144         1.25024486
104 152          1.0898759
104 151        0.585053365
105 112        0.888865345
105 106        0.823821094
105 39          1.3092547
105 84          1.3230303
105 83         0.86565076
105 91        0.483517471
105 75        0.930660231
105 77        0.741419325
105 52          1.2157708
105 46         1.16505931
105 203         1.24190137
105 175        0.993476704
105 176        0.983678147
105 149         1.45659913
105 153         1.40328405
105 150        0.672281314
105 148        0.735357058
106 105        0.823821094
106 107        0.685378568
106 42          1.2839495
106 91         1.01839324
106 75        0.621963514
106 74        0.819416284
106 77         1.14890507
106 46         1.16715979
106 203         1.33556511
106 201         1.23745815
106 175        0.934847281
106 149        0.832115939
106 150         1.34990042
106 148        0.605267565
107 92         1.40530809
107 76         1.06090751
107 123        0.856021834
107 106        0.685378568
107 109        0.877984992
107 34         1.26998463
107 42         1.36581828
107 75         1.01294098
107 74        0.611723523
107 205         1.46381286
107 201          1.2740033
107 167         1.04083702
107 175         1.34504328
107 149        0.730497642
107 141         1.32766129
107 148         1.11917674
108 170         1.01378221
108 90         1.41641003
108 120         1.46497678
108 81        0.559384907
108 48         1.09919309
108 117        0.745060096
108 171          1.0167236
108 72        0.839687824
108 194         1.30037306
108 49         1.22417705
108 132        0.537980179
108 86         1.17287009
109 122         1.35441197
109 92        0.534444548
109 78          1.3095284
109 76        0.494120664
109 123        0.402203137
109 107        0.877984992
109 30         1.12485175
109 34         1.32025078
109 74         1.09122262
109 205         1.41539563
109 167         1.04725944
109 149         1.37741943
109 141        0.818866115
109 152         1.31890766
110 198         1.40404399
110 143          1.1545711
110 140         1.20696989
110 158        0.757339236
110 157        0.949281169
110 70        0.609452747
110 63         1.32245236
110 56          1.3538049
110 69        0.916954288
110 139        0.559795485
110 111         1.04258752
111 199         1.36236141
111 143        0.469183341
111 158         1.16515818
111 166        0.773904924
111 157        0.714072418
111 156        0.965583353
111 165         1.28637874
111 70         1.12162344
111 63         0.73152084
111 66         1.12801556
111 101        0.918590324
111 139          1.4225792
111 118        0.815618335
111 110         1.04258752
112 113        0.824337295
112 105        0.888865345
112 85         1.04837222
112 84         0.62647627
112 83        0.549760859
112 91        0.966077397
112 77         1.14403644
112 53          1.1648028
112 52        0.993737862
112 206         1.37508021
112 208         1.27125363
112 176          0.9346581
112 177        0.940043089
112 154         1.31155141
112 153        0.634330176
112 150        0.669874435
113 116         0.76051671
113 112        0.824337295
113 94        0.883539886
113 85        0.528787761
113 84        0.708930646
113 83         1.12159799
113 54         1.19383648
113 53         1.00896873
113 52         1.36585731
113 209         1.33554331
113 197         1.39900387
113 208         1.22833375
113 177        0.914054833
113 154        0.735659886
113 155        0.974251349
113 153        0.632025247
113 150         1.37754551
114 102         1.13678341
114 80        0.625900057
114 59         1.23528926
114 61        0.891155378
114 126         0.63751577
114 144          1.0958613
115 116        0.814771644
115 97         1.35068306
115 100        0.779219916
115 95        0.415205755
115 94        0.874606156
115 65         0.70831174
115 54         1.10825895
115 68          1.0290345
115 55         1.18682039
115 41         1.27550046
115 219         1.36873659
115 220         1.38793758
115 197         1.40841267
115 173         1.16359487
115 193         1.02670679
115 192         1.05654221
115 142         0.52851588
115 129        0.785561936
115 154         1.43696519
115 155        0.979772724
116 115        0.814771644
116 113         0.76051671
116 95        0.805221311
116 94        0.437516509
116 85        0.879517046
116 84         1.36119202
116 65         1.30417435
116 54        0.887349988
116 53         1.41223656
116 68         1.05665114
116 55         1.25921383
116 220         1.39554485
116 209         1.33947978
116 197         1.11930608
116 193         1.41263245
116 192          1.0717273
116 142         0.91825222
116 177         1.38735583
116 154        0.776170494
116 155        0.536687163
116 153         1.24906341
117 172        0.855716122
117 170         1.27381656
117 108        0.745060096
117 81         1.18867429
117 171        0.733799007
117 72        0.719521416
117 194         1.18148707
117 225         1.42591145
117 49         1.27504192
117 132        0.545450526
117 184          1.0015477
117 218          1.3798766
117 86        0.595316579
117 58         1.14611746
117 182         1.24302027
117 131        0.944242764
117 93        0.975342358
118 199         1.31747638
118 143        0.917491444
118 166        0.789804429
118 157         1.29914898
118 156        0.494108455
118 165         0.64521099
118 63         1.06652081
118 66        0.861259207
118 101        0.406916904
118 62        0.979087804
118 125         1.06477366
118 111        0.815618335
119 162         1.28366935
119 82        0.846330448
119 99        0.770827802
119 47         1.36176623
119 133        0.660476733
119 183         1.22923451
119 3085         1.08854951
119 138         1.04909497
120 227           1.368519
120 214         1.20369317
120 223         1.05751182
120 226         1.31039613
120 140         1.24613625
120 195        0.586395447
120 170         1.25374644
120 43         1.41544979
120 90         0.66815642
120 108         1.46497678
121 97        0.974851117
121 73        0.931055423
121 35         1.37595782
121 244         1.34031771
121 213         1.07886087
121 238          1.2143498
121 221         1.04857707
121 222         1.21376688
121 168        0.832754827
121 174         1.03809504
121 189         0.67145744
121 188         1.28613015
121 181         0.70474513
121 134        0.739994115
121 130        0.667440214
122 103         1.19706244
122 104        0.752790862
122 92        0.959531492
122 78        0.550662419
122 57         1.19301584
122 123         1.37367927
122 109         1.35441197
122 37         1.42444642
122 204         1.33310062
122 178         1.11336167
122 179        0.729072589
122 141         1.10881449
122 152        0.425193712
122 151        0.880580366
123 122         1.37367927
123 92        0.807008575
123 76        0.893516343
123 107        0.856021834
123 109        0.402203137
123 74         1.27212135
123 205         1.01344545
123 179         1.38956764
123 167        0.652708601
123 149         1.13249775
123 141        0.508085987
123 152         1.21238371
124 51         1.13273002
124 200         1.19388455
124 253         1.45745311
124 231         1.27519148
124 232         1.05182192
124 187        0.647491866
124 186        0.857802421
124 188         1.33482766
124 147        0.583095586
124 159         1.00299065
124 136        0.715132881
125 145        0.851859664
125 156         1.15002048
125 165        0.879844553
125 50         1.12940074
125 66         1.44746748
125 96        0.810289523
125 101         1.14160036
125 62        0.717029118
125 118         1.06477366
126 114         0.63751577
126 80         1.21477066
126 61         1.40963282
126 190         1.27288533
126 215        0.859731917
126 127         1.15793045
126 144         1.15855607
127 67         1.08061839
127 215         1.38274344
127 284         1.45101328
127 196         1.10862909
127 164        0.540564725
127 126         1.15793045
128 146        0.754964847
128 180        0.507979278
128 162         1.36789439
128 64         1.40305155
128 71         1.26786152
128 89        0.675728463
128 87        0.799027811
128 207         1.38621865
128 185        0.935714484
129 97        0.742970271
129 115        0.785561936
129 100        0.527996561
129 95         1.12065489
129 65         1.07488811
129 41         1.39129887
129 245         1.43183791
129 216         1.09324914
129 219         1.10287182
129 220         1.43272682
129 213         1.31943158
129 173        0.519570057
129 174         0.91177895
129 193        0.809127579
129 192         1.22576143
129 130         0.91010441
129 142        0.757643288
130 97        0.534362814
130 100         1.05588069
130 73         1.11923895
130 250         1.43167698
130 242         1.30876468
130 244         1.45809125
130 216         1.07474686
130 213        0.786116453
130 238         1.07435451
130 221         1.19932631
130 168         1.38059955
130 173        0.923956593
130 174        0.508453243
130 189        0.943913288
130 181        0.700410253
130 134         1.39985139
130 121        0.667440214
130 129         0.91010441
131 172        0.379624641
131 243         1.38508638
131 117        0.944242764
131 171         1.08858351
131 194          1.4490369
131 132         1.30863949
131 184        0.870093153
131 218          1.1698188
131 86        0.944244677
131 58         1.19354746
131 182        0.577871942
131 217         1.09826898
131 93        0.599305118
132 241         1.40363719
132 226         1.29490168
132 172         1.06815982
132 170        0.734610622
132 108        0.537980179
132 81         1.09716202
132 117        0.545450526
132 171        0.478873118
132 72         1.07715964
132 194        0.801505488
132 225         1.03222501
132 184        0.939561076
132 218         1.23925321
132 86         1.13435679
132 182         1.39309029
132 131         1.30863949
133 162         0.62518326
133 71         1.19426228
133 82         0.98987221
133 119        0.660476733
133 99         1.42348813
133 212         1.11470911
133 185         1.22861311
133 3085         1.05309994
134 73         1.32791481
134 35         1.03583565
134 244         1.43563053
134 221         1.20135063
134 222          1.1114756
134 224         1.15038389
134 231         1.42665116
134 168        0.474058534
134 186         1.12058397
134 189        0.893906713
134 188        0.791029747
134 181         1.15982281
134 136        0.777277516
134 121        0.739994115
134 130         1.39985139
135 163           1.007376
135 88         1.18153038
135 79        0.886418934
135 99         1.27774672
135 233         1.16701605
135 183        0.952886272
135 191        0.743742561
135 138        0.679870521
135 137        0.785581837
136 51         1.28792584
136 35         1.30003924
136 222         1.35789793
136 224         1.10211353
136 231         1.00738866
136 232         1.23331995
136 168        0.879880411
136 187        0.945982224
136 186        0.544995905
136 189         1.46210801
136 188        0.724778072
136 147         1.24141506
136 124        0.715132881
136 134        0.777277516
137 163        0.573422043
137 88        0.638364286
137 79         1.12815457
137 233          1.4186686
137 191         1.29152172
137 196         1.40827063
137 164         1.16237173
137 135        0.785581837
137 138          1.4520308
138 79         1.01711782
138 119         1.04909497
138 99        0.714280934
138 183        0.657970417
138 191        0.919712889
138 3085         1.37398984
138 135        0.679870521
138 137          1.4520308
139 198        0.959142021
139 210         1.31500795
139 143         1.35397555
139 140        0.681986718
139 158        0.519853633
139 157         1.02019012
139 70         1.14539644
139 56          1.4383795
139 69        0.870142556
139 111          1.4225792
139 110        0.559795485
140 198         1.01127686
140 210        0.828350048
140 214         1.10978189
140 223         1.44363624
140 158         1.03525966
140 69        0.970194718
140 139        0.681986718
140 110         1.20696989
140 195         1.32792233
140 90         1.46475765
140 120         1.24613625
141 122         1.10881449
141 92        0.969671908
141 78         1.40159052
141 76         1.29383952
141 123        0.508085987
141 107         1.32766129
141 109        0.818866115
141 204         1.20377663
141 240         1.42410614
141 239         1.37445169
141 205        0.787517413
141 179        0.921588437
141 167        0.647006885
141 149         1.40660213
141 152        0.822956576
142 116         0.91825222
142 115         0.52851588
142 100         1.05909655
142 95        0.925392911
142 94         1.18604919
142 65         1.21662691
142 245         1.43838944
142 267         1.38962031
142 246         1.12416842
142 216         1.39132144
142 219        0.863646413
142 237         1.20906549
142 220        0.871890405
142 209         1.46209838
142 197        0.991751504
142 173        0.879628576
142 193         0.53979021
142 192        0.562247042
142 129        0.757643288
142 154         1.24584799
142 155        0.758450071
143 211         1.21907081
143 199        0.925474411
143 198         1.45577622
143 158        0.950163804
143 166        0.416247428
143 157        0.382260207
143 156        0.803393627
143 165         1.14263389
143 70         1.43744016
143 63         1.19898492
143 101         1.18367424
143 139         1.35397555
143 118        0.917491444
143 111        0.469183341
143 110          1.1545711
144 114          1.0958613
144 102        0.658638804
144 103        0.832817145
144 104         1.25024486
144 80         1.04966272
144 59          1.4631692
144 202         1.19045942
144 190        0.826472808
144 178        0.925698659
144 126         1.15855607
144 151         0.96787784
145 256         1.36959516
145 264         1.08162499
145 156         1.37305581
145 165          1.0350819
145 146         1.36738981
145 96         1.38629699
145 125        0.851859664
146 228         1.15591242
146 145         1.36738981
146 180         1.05518472
146 96         1.38365143
146 89         1.41483257
146 87        0.975320204
146 128        0.754964847
147 2895         1.43251478
147 2916         1.32721794
147 2911         1.29168125
147 200        0.665649474
147 253         1.33462458
147 247         1.06725299
147 231         1.43674789
147 232        0.907364841
147 187        0.599300406
147 186         1.16652793
147 2903         1.19192675
147 159         0.44708146
147 2898         1.00955362
147 136         1.24141506
147 124        0.583095586
148 105        0.735357058
148 106        0.605267565
148 107         1.11917674
148 91         1.16259709
148 75         1.14728119
