0 3085 natregimes POLY_ID
1 65        0.050087861
1 55       0.0275537033
1 41        0.464941277
1 31       0.0773834047
1 23        0.353979366
1 1                  0
2 70         0.36208186
2 63      0.00698335879
2 56       0.0125713496
2 3        0.590415391
2 4       0.0853803882
2 5       0.0728751553
2 2                  0
3 70        0.271311379
3 63        0.365604997
3 66        0.016309409
3 29        0.064142724
3 2        0.590415391
3 5        0.652069466
3 6      0.00179249285
3 3                  0
4 56        0.448874168
4 2       0.0853803882
4 69       0.0135989975
4 43        0.170926762
4 4                  0
5 63        0.342242792
5 66        0.233490642
5 29        0.544075824
5 3        0.652069466
5 2       0.0728751553
5 6        0.426196135
5 101     0.000120278124
5 5                  0
6 66         0.16291613
6 29        0.740187794
6 3      0.00179249285
6 5        0.426196135
6 7        0.190785457
6 6                  0
7 50        0.350822427
7 8       0.0131609587
7 29       0.0906876248
7 6        0.190785457
7 96     0.000176744007
7 62        0.047972925
7 7                  0
8 64         0.60365781
8 50       0.0719989066
8 7       0.0131609587
8 9        0.152194307
8 87       0.0608566252
8 8                  0
9 60        0.139860446
9 44        0.361408193
9 8        0.152194307
9 10       0.0424432483
9 9                  0
10 60        0.280581688
10 44        0.570184345
10 9       0.0424432483
10 11        0.580534973
10 82      0.00954519361
10 10                  0
11 60      0.00381199819
11 44        0.068666644
11 10        0.580534973
11 12        0.346507717
11 82       0.0467528659
11 47        0.364476737
11 11                  0
12 11        0.346507717
12 47        0.447048595
12 24        0.125623772
12 12                  0
13 59        0.330955625
13 36        0.587150429
13 33        0.186917837
13 27        0.226647519
13 14         0.24614284
13 13                  0
14 57        0.197389435
14 37       0.0481630196
14 33        0.755158695
14 13         0.24614284
14 15        0.293057867
14 14                  0
15 78      0.00148154742
15 57         0.01413654
15 37        0.640047744
15 33        0.210065887
15 30        0.154713144
15 16         0.40406052
15 14        0.293057867
15 15                  0
16 92      0.00323223683
16 76        0.131640022
16 37        0.396544064
16 30        0.723976782
16 34        0.154066448
16 15         0.40406052
16 17        0.435897123
16 16                  0
17 76       0.0549528258
17 30        0.359620836
17 34        0.659517233
17 42        0.253866024
17 74       0.0387467937
17 18        0.276673959
17 16        0.435897123
17 17                  0
18 34        0.309981297
18 42        0.703389527
18 39       0.0833570796
18 75        0.106679378
18 74       0.0449842371
18 77      0.00555701824
18 46        0.418842998
18 20       0.0108709494
18 19        0.645498538
18 17        0.276673959
18 18                  0
19 34    1.93926407e-005
19 42        0.412586109
19 39        0.587920628
19 91       0.0530494915
19 75         0.12110736
19 77        0.245552665
19 52       0.0418394002
19 46        0.625381534
19 20        0.471556878
19 18        0.645498538
19 19                  0
20 39        0.676018081
20 40        0.420042617
20 83       0.0285877198
20 91       0.0116532172
20 77        0.143820469
20 53       0.0344290584
20 52        0.371780024
20 46        0.138972295
20 21        0.350036538
20 19        0.471556878
20 18       0.0108709494
20 20                  0
21 39       0.0533822242
21 40         0.78054121
21 38       0.0675204022
21 85       0.0162632188
21 84       0.0327668852
21 53        0.413102129
21 52        0.210512645
21 22        0.497304953
21 20        0.350036538
21 21                  0
22 40          0.2480357
22 38        0.655856519
22 85        0.014315831
22 54        0.202841296
22 53        0.191598177
22 68        0.152397833
22 55        0.239811859
22 23        0.296850723
22 21        0.497304953
22 22                  0
23 95     0.000430214267
23 38        0.567791567
23 65       0.0562941222
23 54        0.129780073
23 68        0.317420622
23 55        0.515765542
23 41        0.111551268
23 22        0.296850723
23 1        0.353979366
23 23                  0
24 12        0.125623772
24 79        0.104607373
24 25        0.214034172
24 24                  0
25 88        0.107255358
25 67       0.0239148241
25 24        0.214034172
25 26       0.0690632292
25 25                  0
26 67        0.149072987
26 61        0.155414976
26 25       0.0690632292
26 27        0.103340865
26 26                  0
27 59      0.00696282443
27 61         0.12399764
27 36        0.541222793
27 26        0.103340865
27 13        0.226647519
27 27                  0
28 43     0.000436019116
28 81        0.026818299
28 48        0.481264563
28 32        0.833350265
28 49        0.192466607
28 28                  0
29 63        0.223769148
29 66        0.621607092
29 3        0.064142724
29 5        0.544075824
29 7       0.0906876248
29 6        0.740187794
29 101        0.193183103
29 62        0.112131304
29 29                  0
30 92        0.304133114
30 78       0.0106684099
30 76        0.604747766
30 109        0.158426073
30 37        0.446644214
30 34        0.361410473
30 74       0.0193990584
30 16        0.723976782
30 15        0.154713144
30 17        0.359620836
30 30                  0
31 97      0.00585806223
31 73        0.509431293
31 35    3.99270218e-005
31 41        0.110800331
31 1       0.0773834047
31 31                  0
32 28        0.833350265
32 43       0.0634830449
32 81        0.281317388
32 48        0.782458838
32 72       0.0452532785
32 49        0.369566985
32 32                  0
33 103     0.000121875357
33 104       0.0302277968
33 78       0.0384619064
33 57        0.640093454
33 59       0.0887204835
33 37         0.14956636
33 13        0.186917837
33 14        0.755158695
33 15        0.210065887
33 33                  0
34 76        0.337472936
34 107       0.0582698832
34 109       0.0333847381
34 30        0.361410473
34 42        0.594446757
34 75         0.12536663
34 74        0.539177771
34 46       0.0544890777
34 19    1.93926407e-005
34 18        0.309981297
34 16        0.154066448
34 17        0.659517233
34 34                  0
35 73        0.126372214
35 51         0.24643911
35 31    3.99270218e-005
35 136       0.0426761132
35 134        0.234940041
35 121       0.0132311061
35 35                  0
36 80        0.232652147
36 59        0.573575119
36 61        0.253330065
36 27        0.541222793
36 13        0.587150429
36 36                  0
37 122      0.00289791357
37 92        0.236158079
37 78        0.379271515
37 76        0.107825321
37 57        0.145029305
37 33         0.14956636
37 30        0.446644214
37 16        0.396544064
37 14       0.0481630196
37 15        0.640047744
37 37                  0
38 95        0.124794893
38 40        0.018569497
38 94        0.236174808
38 85       0.0980516714
38 65       0.0684110427
38 54        0.662773985
38 53        0.119337964
38 68        0.690728024
38 55        0.777585458
38 23        0.567791567
38 22        0.655856519
38 21       0.0675204022
38 38                  0
39 105       0.0383162781
39 42       0.0685886471
39 40         0.25960105
39 84       0.0502296192
39 83        0.322458561
39 91        0.436625382
39 75        0.131402317
39 77         0.66888391
39 53       0.0350463709
39 52        0.618891398
39 46        0.580888856
39 21       0.0533822242
39 20        0.676018081
39 19        0.587920628
39 18       0.0833570796
39 39                  0
40 39         0.25960105
40 38        0.018569497
40 85        0.204416276
40 84        0.352117885
40 83        0.223952096
40 54     0.000468677355
40 77       0.0208245667
40 53        0.715714703
40 52        0.604895668
40 22          0.2480357
40 21         0.78054121
40 20        0.420042617
40 40                  0
41 97        0.105023487
41 115       0.0552551093
41 100        0.397089826
41 95        0.188930016
41 73       0.0101583443
41 65        0.654515271
41 68        0.127607073
41 55        0.178510626
41 31        0.110800331
41 23        0.111551268
41 1        0.464941277
41 129      0.00919580818
41 41                  0
42 106       0.0507684509
42 107          0.0162703
42 34        0.594446757
42 39       0.0685886471
42 91       0.0226722529
42 75        0.530748679
42 74        0.491862256
42 77        0.106365277
42 46        0.622520709
42 19        0.412586109
42 18        0.703389527
42 17        0.253866024
42 42                  0
43 56        0.326553385
43 4        0.170926762
43 69       0.0260239578
43 28     0.000436019116
43 90        0.513478334
43 120      0.00427015709
43 81       0.0777366959
43 48        0.181932389
43 32       0.0634830449
43 43                  0
44 60        0.810341434
44 9        0.361408193
44 11        0.068666644
44 10        0.570184345
44 71        0.167079069
44 82       0.0573677941
44 44                  0
45 72       0.0338212196
45 49       0.0117602672
45 86        0.274665318
45 58        0.775786899
45 93        0.352976734
45 45                  0
46 105        0.127116884
46 106        0.125547525
46 34       0.0544890777
46 42        0.622520709
46 39        0.580888856
46 83       0.0497883352
46 91        0.480064887
46 75        0.680830706
46 74        0.183020667
46 77        0.664691027
46 52        0.110112391
46 20        0.138972295
46 19        0.625381534
46 18        0.418842998
46 46                  0
47 11        0.364476737
47 12        0.447048595
47 79       0.0176430394
47 82        0.199927302
47 119       0.0175657738
47 99        0.412725561
47 47                  0
48 28        0.481264563
48 43        0.181932389
48 90       0.0140621406
48 108         0.17955998
48 81        0.682972323
48 32        0.782458838
48 72        0.196882579
48 49        0.399686648
48 48                  0
49 28        0.192466607
49 108       0.0857788717
49 81        0.261343384
49 48        0.399686648
49 32        0.369566985
49 117       0.0555031736
49 72        0.687321178
49 86        0.240173241
49 58        0.151722894
49 45       0.0117602672
49 49                  0
50 64        0.231143663
50 8       0.0719989066
50 7        0.350822427
50 96        0.697970566
50 62        0.439247199
50 125        0.154768588
50 87       0.0168204197
50 50                  0
51 35         0.24643911
51 2892        0.317289966
51 136       0.0487128097
51 124        0.152109625
51 51                  0
52 113        0.016258045
52 112        0.273749653
52 105       0.0912787533
52 39        0.618891398
52 40        0.604895668
52 85        0.154651398
52 84        0.598379084
52 83        0.758150995
52 91        0.428074595
52 77        0.518376559
52 53        0.522387909
52 46        0.110112391
52 21        0.210512645
52 20        0.371780024
52 19       0.0418394002
52 52                  0
53 116      0.00482207382
53 113        0.259553976
53 112         0.12730901
53 39       0.0350463709
53 40        0.715714703
53 38        0.119337964
53 94        0.130196439
53 85        0.692589283
53 84        0.701305839
53 83        0.352132454
53 54        0.209002263
53 52        0.522387909
53 68       0.0193374813
53 55      0.00270825629
53 22        0.191598177
53 21        0.413102129
53 20       0.0344290584
53 53                  0
54 116        0.376258952
54 115        0.171997939
54 113        0.106238572
54 95        0.522266989
54 40     0.000468677355
54 38        0.662773985
54 94        0.768987439
54 85         0.43575628
54 84       0.0167052426
54 65        0.234049807
54 53        0.209002263
54 68        0.851926478
54 55        0.757129179
54 23        0.129780073
54 22        0.202841296
54 155      0.00346925837
54 54                  0
55 116       0.0643475771
55 115        0.111202206
55 95        0.489672246
55 38        0.777585458
55 94        0.412786885
55 85       0.0519597796
55 65        0.447003745
55 54        0.757129179
55 53      0.00270825629
55 68        0.901917762
55 41        0.178510626
55 23        0.515765542
55 22        0.239811859
55 1       0.0275537033
55 55                  0
56 70       0.0541610193
56 2       0.0125713496
56 4        0.448874168
56 69        0.665674516
56 139      0.00128567331
56 110       0.0202433257
56 43        0.326553385
56 90        0.124206588
56 56                  0
57 122        0.106814789
57 102        0.139882317
57 103        0.343447425
57 104        0.541096105
57 78        0.397272242
57 59        0.126607855
57 37        0.145029305
57 33        0.640093454
57 14        0.197389435
57 15         0.01413654
57 151       0.0431714606
57 57                  0
58 172    4.64040801e-005
58 117        0.141574291
58 72        0.329861676
58 49        0.151722894
58 86        0.690240211
58 131        0.106441376
58 93        0.635395411
58 45        0.775786899
58 58                  0
59 114        0.078715981
59 102         0.38455033
59 103        0.167562796
59 104       0.0049505465
59 80        0.629316778
59 57        0.126607855
59 61       0.0718079498
59 36        0.573575119
59 33       0.0887204835
59 27      0.00696282443
59 13        0.330955625
59 144    1.18396742e-005
59 59                  0
60 44        0.810341434
60 9        0.139860446
60 11      0.00381199819
60 10        0.280581688
60 71        0.530913246
60 82        0.231344941
60 89        0.104152579
60 60                  0
61 67       0.0674936767
61 114        0.372526475
61 80        0.288861775
61 59       0.0718079498
61 36        0.253330065
61 26        0.155414976
61 27         0.12399764
61 126      0.00529290441
61 61                  0
62 156        0.025286509
62 165       0.0811858784
62 50        0.439247199
62 66        0.392067222
62 29        0.112131304
62 7        0.047972925
62 96        0.350608399
62 101        0.483085801
62 125         0.54250136
62 118        0.287548972
62 62                  0
63 143        0.102650241
63 166      0.00100374322
63 157      0.00412139783
63 156     0.000111182446
63 70        0.253721516
63 66        0.552931971
63 29        0.223769148
63 3        0.365604997
63 2      0.00698335879
63 5        0.342242792
63 101        0.413840522
63 118        0.207601842
63 111        0.528654979
63 110        0.032433454
63 63                  0
64 50        0.231143663
64 8         0.60365781
64 96        0.237080096
64 89      0.00852546319
64 87        0.622103838
64 128      0.00657632763
64 64                  0
65 116       0.0406945638
65 97       0.0824214546
65 115        0.550781414
65 100        0.595559534
65 95        0.732610244
65 38       0.0684110427
65 94        0.174770685
65 54        0.234049807
65 68        0.486415884
65 55        0.447003745
65 41        0.654515271
65 23       0.0562941222
65 1        0.050087861
65 142       0.0907125726
65 129        0.200308685
65 65                  0
66 156       0.0199495145
66 165    4.40174575e-006
66 63        0.552931971
66 29        0.621607092
66 3        0.016309409
66 5        0.233490642
66 6         0.16291613
66 101         0.76232449
66 62        0.392067222
66 125     0.000577777624
66 118        0.401905082
66 111        0.155879343
66 66                  0
67 88        0.063336371
67 61       0.0674936767
67 25       0.0239148241
67 26        0.149072987
67 164        0.179508213
67 127         0.19535708
67 67                  0
68 116         0.21629668
68 115        0.241115374
68 100      0.00579569946
68 95        0.635103725
68 38        0.690728024
68 94        0.602529027
68 85        0.143951985
68 65        0.486415884
68 54        0.851926478
68 53       0.0193374813
68 55        0.901917762
68 41        0.127607073
68 23        0.317420622
68 22        0.152397833
68 68                  0
69 140        0.295988452
69 158        0.012264279
69 70        0.181423446
69 56        0.665674516
69 4       0.0135989975
69 139        0.393164587
69 110        0.347306723
69 43       0.0260239578
69 90       0.0817819669
69 69                  0
70 143      0.00137445894
70 158        0.023035798
70 157       0.0129271437
70 63        0.253721516
70 56       0.0541610193
70 3        0.271311379
70 2         0.36208186
70 69        0.181423446
70 139        0.142135169
70 111        0.161038535
70 110        0.641369457
70 70                  0
71 180       0.0655567573
71 162        0.247535768
71 60        0.530913246
71 44        0.167079069
71 82        0.213556215
71 89        0.644205045
71 185       0.0710870337
71 133        0.105940054
71 128       0.0594480819
71 71                  0
72 108        0.423144284
72 81        0.363745618
72 48        0.196882579
72 32       0.0452532785
72 117        0.540127114
72 171      0.00300941176
72 49        0.687321178
72 132        0.198341566
72 86        0.662919977
72 58        0.329861676
72 93        0.114817777
72 45       0.0338212196
72 72                  0
73 97        0.370899184
73 100       0.0228693504
73 35        0.126372214
73 41       0.0101583443
73 31        0.509431293
73 134        0.030126009
73 121        0.333602752
73 130        0.162977001
73 73                  0
74 76         0.29189919
74 123       0.0570940715
74 106        0.443093023
74 107        0.639369373
74 109        0.186289885
74 30       0.0193990584
74 34        0.539177771
74 42        0.491862256
74 75         0.57435822
74 77     0.000509355086
74 46        0.183020667
74 18       0.0449842371
74 17       0.0387467937
74 149       0.0441783395
74 148      0.00420851291
74 74                  0
75 105        0.333985877
75 106        0.630297185
75 107        0.255879063
75 34         0.12536663
75 42        0.530748679
75 39        0.131402317
75 83      0.00212723673
75 91        0.472285684
75 74         0.57435822
75 77        0.492116535
75 46        0.680830706
75 19         0.12110736
75 18        0.106679378
75 149      0.00242816651
75 148        0.140670617
75 75                  0
76 92        0.652409407
76 78       0.0308751248
76 123        0.370212116
76 107        0.212535021
76 109        0.736532098
76 37        0.107825321
76 30        0.604747766
76 34        0.337472936
76 74         0.29189919
76 16        0.131640022
76 17       0.0549528258
76 141       0.0457229315
76 76                  0
77 112        0.143195173
77 105        0.519143378
77 106        0.139412943
77 42        0.106365277
77 39         0.66888391
77 40       0.0208245667
77 84       0.0965248545
77 83        0.544144356
77 91        0.878312851
77 75        0.492116535
77 74     0.000509355086
77 52        0.518376559
77 46        0.664691027
77 20        0.143820469
77 19        0.245552665
77 18      0.00555701824
77 150       0.0353147632
77 148       0.0105896748
77 77                  0
78 122         0.69154553
78 103       0.0456558351
78 104         0.43715924
78 92        0.472500329
78 76       0.0308751248
78 57        0.397272242
78 109       0.0381899258
78 37        0.379271515
78 33       0.0384619064
78 30       0.0106684099
78 15      0.00148154742
78 179       0.0577741963
78 141       0.0068792459
78 152        0.322555577
78 151       0.0770638116
78 78                  0
79 88        0.284100463
79 99        0.207199174
79 47       0.0176430394
79 24        0.104607373
79 135        0.377172558
79 138        0.252027726
79 137        0.155767755
79 79                  0
80 114        0.626787006
80 102        0.541774501
80 103        0.174717802
80 59        0.629316778
80 61        0.288861775
80 36        0.232652147
80 126       0.0919419106
80 144        0.222510999
80 80                  0
81 28        0.026818299
81 43       0.0777366959
81 90        0.120608899
81 108         0.68430731
81 48        0.682972323
81 32        0.281317388
81 117        0.109882483
81 72        0.363745618
81 49        0.261343384
81 132        0.181267798
81 86       0.0026899445
81 81                  0
82 162       0.0112805322
82 60        0.231344941
82 44       0.0573677941
82 11       0.0467528659
82 10      0.00954519361
82 71        0.213556215
82 119        0.416603369
82 99        0.167945477
82 47        0.199927302
82 133        0.277377659
82 82                  0
83 113        0.161059188
83 112         0.69228934
83 105        0.397583351
83 39        0.322458561
83 40        0.223952096
83 85        0.198693453
83 84        0.721961563
83 91        0.608776244
83 75      0.00212723673
83 77        0.544144356
83 53        0.352132454
83 52        0.758150995
83 46       0.0497883352
83 20       0.0285877198
83 176       0.0126868832
83 153        0.130578328
83 150         0.22417594
83 83                  0
84 116       0.0177530507
84 113         0.55019484
84 112         0.62627217
84 105       0.0321857496
84 39       0.0502296192
84 40        0.352117885
84 94       0.0547655128
84 85        0.680586402
84 83        0.721961563
84 91        0.131830155
84 54       0.0167052426
84 77       0.0965248545
84 53        0.701305839
84 52        0.598379084
84 21       0.0327668852
84 177       0.0194726128
84 154      0.00262780511
84 153        0.262619559
84 150       0.0472956796
84 84                  0
85 116        0.383949459
85 113        0.709357195
85 112        0.223663622
85 95       0.0191142268
85 40        0.204416276
85 38       0.0980516714
85 94         0.54197211
85 84        0.680586402
85 83        0.198693453
85 54         0.43575628
85 53        0.692589283
85 52        0.154651398
85 68        0.143951985
85 55       0.0519597796
85 22        0.014315831
85 21       0.0162632188
85 177      0.00211319772
85 154       0.0937221412
85 155       0.0408837332
85 153        0.163785164
85 85                  0
86 172        0.190033888
86 108        0.121316369
86 81       0.0026899445
86 117        0.653721712
86 171       0.0484180364
86 72        0.662919977
86 49        0.240173241
86 132        0.150815944
86 184      0.00259366626
86 58        0.690240211
86 182      0.00036818709
86 131        0.320850841
86 93        0.651264004
86 45        0.274665318
86 86                  0
87 146        0.291118888
87 180       0.0413927862
87 64        0.622103838
87 50       0.0168204197
87 8       0.0608566252
87 96        0.197648535
87 89        0.265689584
87 128        0.463111658
87 87                  0
88 163        0.115712139
88 67        0.063336371
88 79        0.284100463
88 25        0.107255358
88 164       0.0279048052
88 135         0.11499973
88 137        0.615592845
88 88                  0
89 146      0.00437366724
89 180         0.45123812
89 162        0.172207281
89 64      0.00852546319
89 60        0.104152579
89 71        0.644205045
89 87        0.265689584
89 185        0.264879851
89 128        0.581360158
89 89                  0
90 140    1.80877679e-006
90 56        0.124206588
90 69       0.0817819669
90 195       0.0670559665
90 43        0.513478334
90 120        0.588374425
90 108      0.00411149964
90 81        0.120608899
90 48       0.0140621406
90 90                  0
91 112        0.299910659
91 105        0.744572383
91 106        0.250854382
91 42       0.0226722529
91 39        0.436625382
91 84        0.131830155
91 83        0.608776244
91 75        0.472285684
91 77        0.878312851
91 52        0.428074595
91 46        0.480064887
91 20       0.0116532172
91 19       0.0530494915
91 175     0.000121828838
91 176      0.00669844518
91 150        0.213245169
91 148        0.128965295
91 91                  0
92 122          0.3061647
92 78        0.472500329
92 76        0.652409407
92 123        0.455283204
92 107      0.00612128506
92 109        0.704798805
92 37        0.236158079
92 30        0.304133114
92 16      0.00323223683
92 179      0.00766919011
92 167      0.00166960525
92 141        0.296485978
92 152        0.197226712
92 92                  0
93 172        0.342506343
93 117        0.291097873
93 171     0.000157070783
93 72        0.114817777
93 184      0.00946015521
93 86        0.651264004
93 58        0.635395411
93 182        0.118252406
93 131        0.650253992
93 45        0.352976734
93 93                  0
94 116        0.777888553
94 115        0.388775557
94 113        0.379998568
94 95        0.609583136
94 38        0.236174808
94 85         0.54197211
94 84       0.0547655128
94 65        0.174770685
94 54        0.768987439
94 53        0.130196439
94 68        0.602529027
94 55        0.412786885
94 192    1.49480629e-006
94 142        0.111752901
94 154        0.122888662
94 155        0.293766879
94 94                  0
95 116        0.457037305
95 115        0.793085864
95 100        0.342733264
95 38        0.124794893
95 94        0.609583136
95 85       0.0191142268
95 65        0.732610244
95 54        0.522266989
95 68        0.635103725
95 55        0.489672246
95 41        0.188930016
95 23     0.000430214267
95 193      0.00114209725
95 192      0.00553397048
95 142        0.339097713
95 129        0.161825015
95 155        0.122624155
95 95                  0
96 145       0.0104358313
96 146       0.0111214707
96 64        0.237080096
96 50        0.697970566
96 7     0.000176744007
96 62        0.350608399
96 125        0.452061836
96 87        0.197648535
96 96                  0
97 115       0.0213405253
97 100        0.638553192
97 73        0.370899184
97 65       0.0824214546
97 41        0.105023487
97 31      0.00585806223
97 216      0.00278212739
97 213         0.04561889
97 173        0.224037808
97 174        0.324862142
97 189      0.00102832256
97 181       0.0820201311
97 121        0.291563937
97 130        0.704864908
97 129         0.51764936
97 97                  0
98 169       0.0670551088
98 161        0.205756997
98 98                  0
99 79        0.207199174
99 82        0.167945477
99 119        0.490663593
99 47        0.412725561
99 133      0.00303184538
99 183       0.0560281743
99 135         0.05404667
99 138        0.545115824
99 99                  0
100 97        0.638553192
100 115        0.482485206
100 95        0.342733264
100 73       0.0228693504
100 65        0.595559534
100 68      0.00579569946
100 41        0.397089826
100 173         0.23192834
100 174       0.0540178661
100 193       0.0461635176
100 130        0.216979485
100 142        0.214133304
100 129        0.709992062
100 100                  0
101 143        0.113455085
101 166        0.133154631
101 156        0.363111426
101 165        0.260217697
101 63        0.413840522
101 66         0.76232449
101 29        0.193183103
101 5     0.000120278124
101 62        0.483085801
101 125        0.145100546
101 118        0.798565096
101 111        0.345713429
101 101                  0
102 114        0.148893036
102 103        0.801314685
102 104        0.391312737
102 80        0.541774501
102 57        0.139882317
102 59         0.38455033
102 178        0.157229085
102 144        0.597137317
102 151         0.31723103
102 102                  0
103 122        0.103984751
103 102        0.801314685
103 104        0.749613724
103 80        0.174717802
103 78       0.0456558351
103 57        0.343447425
103 59        0.167562796
103 33     0.000121875357
103 202      0.00627337489
103 178        0.373046076
103 144        0.429908493
103 151        0.625478387
103 103                  0
104 122        0.508167456
104 102        0.391312737
104 103        0.749613724
104 78         0.43715924
104 57        0.541096105
104 59       0.0049505465
104 33       0.0302277968
104 202     0.000267034204
104 178        0.337267699
104 179       0.0627691709
104 144       0.0695964507
104 152         0.18743433
104 151        0.662579845
104 104                  0
105 112        0.374772315
105 106        0.438761008
105 39       0.0383162781
105 84       0.0321857496
105 83        0.397583351
105 91        0.744572383
105 75        0.333985877
105 77        0.519143378
105 52       0.0912787533
105 46        0.127116884
105 203       0.0746284547
105 175        0.273994447
105 176        0.283210841
105 149     0.000146070409
105 153      0.00652872409
105 150        0.584557964
105 148        0.524973641
105 105                  0
106 105        0.438761008
106 107        0.572368531
106 42       0.0507684509
106 91        0.250854382
106 75        0.630297185
106 74        0.443093023
106 77        0.139412943
106 46        0.125547525
106 203       0.0270226183
106 201       0.0773656006
106 175        0.329929625
106 149        0.430598709
106 150       0.0216197256
106 148        0.645044361
106 106                  0
107 92      0.00612128506
107 76        0.212535021
107 123        0.407060729
107 106        0.572368531
107 109        0.385454721
107 34       0.0582698832
107 42          0.0162703
107 75        0.255879063
107 74        0.639369373
107 205    6.71763966e-006
107 201       0.0560667767
107 167        0.230424455
107 175       0.0233892699
107 149         0.52963578
107 141        0.030231422
107 148        0.163027676
107 107                  0
108 170        0.255102315
108 90      0.00411149964
108 120    1.11428461e-006
108 81         0.68430731
108 48         0.17955998
108 117        0.515634723
108 171        0.252390651
108 72        0.423144284
108 194       0.0425146366
108 49       0.0857788717
108 132        0.701932617
108 86        0.121316369
108 108                  0
109 122       0.0200330394
109 92        0.704798805
109 78       0.0381899258
109 76        0.736532098
109 123        0.801640018
109 107        0.385454721
109 30        0.158426073
109 34       0.0333847381
109 74        0.186289885
109 205      0.00427919269
109 167        0.224658764
109 149       0.0128171638
109 141        0.443633958
109 152       0.0339710488
109 109                  0
110 198      0.00637427756
110 143         0.13505521
110 140        0.097177395
110 158         0.50376383
110 157        0.316000407
110 70        0.641369457
110 63        0.032433454
110 56       0.0202433257
110 69        0.347306723
110 139        0.683964742
110 111        0.228849239
110 110                  0
111 199       0.0173726266
111 143         0.75523117
111 158        0.127042863
111 166        0.487667151
111 157         0.54531404
111 156        0.300381901
111 165       0.0495083177
111 70        0.161038535
111 63        0.528654979
111 66        0.155879343
111 101        0.345713429
111 139      0.00316158773
111 118        0.446826521
111 110        0.228849239
111 111                  0
112 113        0.438253216
112 105        0.374772315
112 85        0.223663622
112 84         0.62627217
112 83         0.69228934
112 91        0.299910659
112 77        0.143195173
112 53         0.12730901
112 52        0.273749653
112 206       0.0134825985
112 208       0.0575703617
112 176        0.330112753
112 177        0.324905537
112 154       0.0372616663
112 153        0.619228972
112 150        0.586786218
112 112                  0
113 116        0.500683189
113 112        0.438253216
113 94        0.379998568
113 85        0.709357195
113 84         0.55019484
113 83        0.161059188
113 54        0.106238572
113 53        0.259553976
113 52        0.016258045
113 209       0.0270312476
113 197      0.00743145384
113 208       0.0831088804
113 177        0.350132413
113 154        0.524682768
113 155        0.292133153
113 153        0.621300935
113 150       0.0127817468
113 113                  0
114 102        0.148893036
114 80        0.626787006
114 59        0.078715981
114 61        0.372526475
114 126        0.616358675
114 144        0.182364082
114 114                  0
115 116        0.447658607
115 97       0.0213405253
115 100        0.482485206
115 95        0.793085864
115 94        0.388775557
115 65        0.550781414
115 54        0.171997939
115 68        0.241115374
115 55        0.111202206
115 41       0.0552551093
115 219       0.0153657555
115 220       0.0100209674
115 197      0.00552077505
115 173        0.128215117
115 193        0.243237849
115 192        0.216393179
115 142         0.70957543
115 129        0.476292172
115 154      0.00142045813
115 155        0.286900882
115 115                  0
116 115        0.447658607
116 113        0.500683189
116 95        0.457037305
116 94        0.777888553
116 85        0.383949459
116 84       0.0177530507
116 65       0.0406945638
116 54        0.376258952
116 53      0.00482207382
116 68         0.21629668
116 55       0.0643475771
116 220      0.00820150405
116 209       0.0254933268
116 197        0.162922325
116 193      0.00475233201
116 192        0.203055086
116 142        0.346042632
116 177       0.0101671697
116 154        0.485459248
116 155        0.702982325
116 153       0.0703003392
116 116                  0
117 172        0.407361711
117 170       0.0561683636
117 108        0.515634723
117 81        0.109882483
117 171        0.526469559
117 72        0.540127114
117 194        0.115031016
117 225      0.00269884036
117 49       0.0555031736
117 132        0.695834109
117 184        0.266450374
117 218       0.0121351436
117 86        0.653721712
117 58        0.141574291
117 182       0.0739454238
117 131        0.320852686
117 93        0.291097873
117 117                  0
118 199       0.0346007993
118 143         0.34678351
118 166        0.472143863
118 157       0.0431080536
118 156         0.73654143
118 165        0.609393689
118 63        0.207601842
118 66        0.401905082
118 101        0.798565096
118 62        0.287548972
118 125        0.209133878
118 111        0.446826521
118 118                  0
119 162       0.0509146378
119 82        0.416603369
119 99        0.490663593
119 47       0.0175657738
119 133        0.595449902
119 183       0.0825346736
119 3085        0.188563531
119 138        0.223017904
119 119                  0
120 227       0.0154323737
120 214       0.0994094825
120 223        0.215534593
120 226       0.0377905431
120 140       0.0720566406
120 195         0.66142689
120 170       0.0675272328
120 43      0.00427015709
120 90        0.588374425
120 108    1.11428461e-006
120 120                  0
121 97        0.291563937
121 73        0.333602752
121 35       0.0132311061
121 244       0.0251711981
121 213        0.196871983
121 238       0.0922215216
121 221        0.223480558
121 222       0.0926093392
121 168        0.429969835
121 174        0.232897375
121 189        0.585321117
121 188       0.0496366504
121 181        0.554157779
121 134        0.520515415
121 130        0.589035944
121 121                  0
122 103        0.103984751
122 104        0.508167456
122 92          0.3061647
122 78         0.69154553
122 57        0.106814789
122 123       0.0138886262
122 109       0.0200330394
122 37      0.00289791357
122 204       0.0280058667
122 178        0.167786505
122 179        0.531001006
122 141        0.171537845
122 152        0.786362609
122 151        0.382904925
122 122                  0
123 122       0.0138886262
123 92        0.455283204
123 76        0.370212116
123 107        0.407060729
123 109        0.801640018
123 74       0.0570940715
123 205        0.255413194
123 179      0.00961662798
123 167        0.602565926
123 149        0.152294639
123 141        0.725745471
123 152       0.0935320788
123 123                  0
124 51        0.152109625
124 200        0.106204856
124 253     0.000120219475
124 231       0.0554222104
124 232        0.220585987
124 187        0.607320876
124 186        0.405307772
124 188       0.0273151858
124 147         0.66425879
124 159        0.265106353
124 136        0.544305733
124 124                  0
125 145        0.411158772
125 156        0.138551319
125 165        0.383627721
125 50        0.154768588
125 66     0.000577777624
125 96        0.452061836
125 101        0.145100546
125 62         0.54250136
125 118        0.209133878
125 125                  0
126 114        0.616358675
126 80       0.0919419106
126 61      0.00529290441
126 190       0.0566760973
126 215         0.40340839
126 127        0.132494269
126 144        0.132019227
126 126                  0
127 67         0.19535708
127 215       0.0113615096
127 284     0.000376568276
127 196        0.171691347
127 164        0.699829203
127 126        0.132494269
127 127                  0
128 146        0.506063575
128 180        0.725828726
128 162       0.0156243411
128 64      0.00657632763
128 71       0.0594480819
128 89        0.581360158
128 87        0.463111658
128 207       0.0104558386
128 185        0.329090344
128 128                  0
129 97         0.51764936
129 115        0.476292172
129 100        0.709992062
129 95        0.161825015
129 65        0.200308685
129 41      0.00919580818
129 245      0.00196406926
129 216        0.184571709
129 219        0.176479361
129 220      0.00186367286
129 213       0.0337418063
129 173        0.716711922
129 174        0.352352114
129 193        0.453202865
129 192       0.0847572593
129 130        0.353986248
129 142        0.503469194
129 129                  0
130 97        0.704864908
130 100        0.216979485
130 73        0.162977001
130 250      0.00198251921
130 242       0.0385429537
130 244     0.000102535718
130 216        0.200431188
130 213        0.475750206
130 238        0.200771579
130 221        0.102413935
130 168       0.0119378004
130 173        0.340493306
130 174        0.725458841
130 189        0.321170375
130 181        0.558252254
130 134      0.00724828701
130 121        0.589035944
130 129        0.353986248
130 130                  0
131 172        0.815948756
131 243        0.010747037
131 117        0.320852686
131 171        0.188534555
131 194     0.000483489069
131 132       0.0386009559
131 184        0.393213177
131 218         0.12357083
131 86        0.320850841
131 58        0.106441376
131 182        0.668721208
131 217        0.180336403
131 93        0.650253992
131 131                  0
132 241       0.0064567334
132 226       0.0451945303
132 172        0.206167487
132 170         0.52569044
132 108        0.701932617
132 81        0.181267798
132 117        0.695834109
132 171        0.748052686
132 72        0.198341566
132 194        0.460682465
132 225        0.238213539
132 184        0.325371166
132 218       0.0762550428
132 86        0.150815944
132 182      0.00876973746
132 131       0.0386009559
132 132                  0
133 162        0.627427085
133 71        0.105940054
133 82        0.277377659
133 119        0.595449902
133 99      0.00303184538
133 212        0.166679929
133 185       0.0829306299
133 3085        0.219448673
133 133                  0
134 73        0.030126009
134 35        0.234940041
134 244       0.0015536818
134 221        0.101016979
134 222        0.169339302
134 224        0.138270987
134 231       0.0026009438
134 168        0.751633534
134 186        0.161882656
134 189        0.369829557
134 188         0.47094498
134 181        0.131059214
134 136        0.484379883
134 121        0.520515415
134 130      0.00724828701
134 134                  0
135 163         0.26103076
135 88         0.11499973
135 79        0.377172558
135 99         0.05404667
135 233        0.125654693
135 183         0.31253547
135 191        0.516905058
135 138        0.577507777
135 137        0.476272722
135 135                  0
136 51       0.0487128097
136 35       0.0426761132
136 222       0.0188450065
136 224        0.177113024
136 231         0.26101901
136 232        0.079950136
136 168        0.383592495
136 187        0.319176227
136 186        0.696206882
136 189    2.34241634e-005
136 188        0.535109663
136 147        0.074926106
136 124        0.544305733
136 134        0.484379883
136 136                  0
137 163        0.672502603
137 88        0.615592845
137 79        0.155767755
137 233      0.00374976024
137 191       0.0468851267
137 196       0.0055476012
